% # columns="iteration, evaluation, min max(neg(.)) min(pos(.)) max correlation, correlation matrix principle axes lengths  (sorted square roots of eigenvalues of correlation matrix)", seed=1036562, Wed Dec  8 15:42:40 2021
1 10 -0.035632455721797664 -0.018501459364346343 0.026452784326706322 0.06663209857522573 0.9207360176568308 0.9656025696730548 0.9853822053276527 1.0055157774372399 1.011348858127687 1.0165645400908376 1.0275398521936965 1.0610130390933528
2 20 -0.09843455063772004 -0.02087959698135311 0.03475993202200961 0.14699670619605165 0.9207360176568308 0.9656025696730548 0.9853822053276527 1.0055157774372399 1.011348858127687 1.0165645400908376 1.0275398521936965 1.0610130390933528
3 30 -0.08146261868031505 -0.021403847989407428 0.0654484301450137 0.16964441870111022 0.9207360176568308 0.9656025696730548 0.9853822053276527 1.0055157774372399 1.011348858127687 1.0165645400908376 1.0275398521936965 1.0610130390933528
4 40 -0.11337375134840764 -0.031154173602743515 0.06686250005012825 0.1750236450989634 0.9207360176568308 0.9656025696730548 0.9853822053276527 1.0055157774372399 1.011348858127687 1.0165645400908376 1.0275398521936965 1.0610130390933528
5 50 -0.12880816177128682 -0.034058898862064514 0.06851847634403299 0.20691742854784165 0.9207360176568308 0.9656025696730548 0.9853822053276527 1.0055157774372399 1.011348858127687 1.0165645400908376 1.0275398521936965 1.0610130390933528
6 60 -0.10735016653780773 -0.022650126836835316 0.08294271484848387 0.22564788410388667 0.9207360176568308 0.9656025696730548 0.9853822053276527 1.0055157774372399 1.011348858127687 1.0165645400908376 1.0275398521936965 1.0610130390933528
7 70 -0.23003123278773158 -0.05383717003407322 0.11666983402321257 0.262412698564368 0.9207360176568308 0.9656025696730548 0.9853822053276527 1.0055157774372399 1.011348858127687 1.0165645400908376 1.0275398521936965 1.0610130390933528
8 80 -0.226556617883434 -0.07009220211957824 0.13001368353665105 0.32192645462188096 0.9207360176568308 0.9656025696730548 0.9853822053276527 1.0055157774372399 1.011348858127687 1.0165645400908376 1.0275398521936965 1.0610130390933528
9 90 -0.26168661801156534 -0.07497195969606395 0.14308563848642858 0.3079279076996402 0.7367055395306815 0.8096603669761139 0.8704972443336295 0.9430729106706324 1.0272134046773505 1.0555140595443575 1.0683710162444342 1.3578914293653535
10 100 -0.2533830648621808 -0.055407795950490446 0.14948603692962148 0.2959962648532829 0.7367055395306815 0.8096603669761139 0.8704972443336295 0.9430729106706324 1.0272134046773505 1.0555140595443575 1.0683710162444342 1.3578914293653535
11 110 -0.2641088872622889 -0.0458195124015777 0.1487836900027956 0.29057034445517727 0.7367055395306815 0.8096603669761139 0.8704972443336295 0.9430729106706324 1.0272134046773505 1.0555140595443575 1.0683710162444342 1.3578914293653535
12 120 -0.29875770880361224 -0.04330158426345921 0.13272001424349084 0.26884746031044876 0.7367055395306815 0.8096603669761139 0.8704972443336295 0.9430729106706324 1.0272134046773505 1.0555140595443575 1.0683710162444342 1.3578914293653535
13 130 -0.276725608628711 -0.03653090880618221 0.14181977990408276 0.29253417923068215 0.7367055395306815 0.8096603669761139 0.8704972443336295 0.9430729106706324 1.0272134046773505 1.0555140595443575 1.0683710162444342 1.3578914293653535
14 140 -0.27562577524235754 -0.034611832276536865 0.12353153962797997 0.23912002531963622 0.7367055395306815 0.8096603669761139 0.8704972443336295 0.9430729106706324 1.0272134046773505 1.0555140595443575 1.0683710162444342 1.3578914293653535
15 150 -0.31165583837228905 -0.057110321720594534 0.15995394188998607 0.2580228791369186 0.7367055395306815 0.8096603669761139 0.8704972443336295 0.9430729106706324 1.0272134046773505 1.0555140595443575 1.0683710162444342 1.3578914293653535
16 160 -0.2694207902557553 -0.048280121793581765 0.16220624009489137 0.27176537138406254 0.7367055395306815 0.8096603669761139 0.8704972443336295 0.9430729106706324 1.0272134046773505 1.0555140595443575 1.0683710162444342 1.3578914293653535
17 170 -0.25267527091806624 -0.047500918549309476 0.165765549429606 0.26370955135442425 0.7419462833166727 0.8265208709992581 0.8322625115065673 0.932328667324792 0.9873608576755488 1.0413196032854983 1.180590637093266 1.3234270280796052
18 180 -0.27532381378841686 -0.0669372247567705 0.14442537022413432 0.3349718623145409 0.7419462833166727 0.8265208709992581 0.8322625115065673 0.932328667324792 0.9873608576755488 1.0413196032854983 1.180590637093266 1.3234270280796052
19 190 -0.25123402364377934 -0.07604413821587491 0.13678113221543345 0.32644436624528406 0.7419462833166727 0.8265208709992581 0.8322625115065673 0.932328667324792 0.9873608576755488 1.0413196032854983 1.180590637093266 1.3234270280796052
20 200 -0.22728123271943076 -0.051615103710062324 0.12617306850314264 0.28584869943170305 0.7419462833166727 0.8265208709992581 0.8322625115065673 0.932328667324792 0.9873608576755488 1.0413196032854983 1.180590637093266 1.3234270280796052
21 210 -0.2312783705576845 -0.06163917618961236 0.11679621196544537 0.30115715642148105 0.7419462833166727 0.8265208709992581 0.8322625115065673 0.932328667324792 0.9873608576755488 1.0413196032854983 1.180590637093266 1.3234270280796052
22 220 -0.22882547070615653 -0.06662687663603685 0.08269298604696385 0.21315421479650376 0.7419462833166727 0.8265208709992581 0.8322625115065673 0.932328667324792 0.9873608576755488 1.0413196032854983 1.180590637093266 1.3234270280796052
23 230 -0.26240695102101314 -0.08682608870223144 0.08674630479035107 0.20530509846155232 0.7419462833166727 0.8265208709992581 0.8322625115065673 0.932328667324792 0.9873608576755488 1.0413196032854983 1.180590637093266 1.3234270280796052
24 240 -0.2340455398361839 -0.10315977305859114 0.09035480122420933 0.163627972380956 0.7419462833166727 0.8265208709992581 0.8322625115065673 0.932328667324792 0.9873608576755488 1.0413196032854983 1.180590637093266 1.3234270280796052
25 250 -0.2525003795579505 -0.09497265861499016 0.06562394227300328 0.20836276781355328 0.7376388374514736 0.8373570376540914 0.9034146291687305 0.9303527221963327 1.0231573487283119 1.1028039214955114 1.1233491110544305 1.2442135195579551
26 260 -0.2737159871187268 -0.10518676691678555 0.06359998708478315 0.17161146277685377 0.7376388374514736 0.8373570376540914 0.9034146291687305 0.9303527221963327 1.0231573487283119 1.1028039214955114 1.1233491110544305 1.2442135195579551
27 270 -0.314893497853343 -0.12135931077061428 0.07551130425851997 0.23929336217601374 0.7376388374514736 0.8373570376540914 0.9034146291687305 0.9303527221963327 1.0231573487283119 1.1028039214955114 1.1233491110544305 1.2442135195579551
28 280 -0.33757138542384735 -0.0878070911027192 0.06443639782394017 0.21689114824953407 0.7376388374514736 0.8373570376540914 0.9034146291687305 0.9303527221963327 1.0231573487283119 1.1028039214955114 1.1233491110544305 1.2442135195579551
29 290 -0.36466387111463006 -0.06191460094496518 0.08325196614422384 0.23611287707396855 0.7376388374514736 0.8373570376540914 0.9034146291687305 0.9303527221963327 1.0231573487283119 1.1028039214955114 1.1233491110544305 1.2442135195579551
30 300 -0.42002061397774704 -0.06773395246466371 0.08725329567212234 0.23428147078854397 0.7376388374514736 0.8373570376540914 0.9034146291687305 0.9303527221963327 1.0231573487283119 1.1028039214955114 1.1233491110544305 1.2442135195579551
31 310 -0.4106187023778787 -0.07032161201690776 0.05458019052581083 0.30863763253708043 0.7376388374514736 0.8373570376540914 0.9034146291687305 0.9303527221963327 1.0231573487283119 1.1028039214955114 1.1233491110544305 1.2442135195579551
32 320 -0.479012751162706 -0.06096805680396857 0.0644367506413335 0.35243494040168216 0.7376388374514736 0.8373570376540914 0.9034146291687305 0.9303527221963327 1.0231573487283119 1.1028039214955114 1.1233491110544305 1.2442135195579551
33 330 -0.41209623615884794 -0.058345932556118155 0.08508849747864525 0.38999782089801255 0.6270413263894496 0.8260518076320198 0.8898591300732366 0.939125526882866 0.992180091309097 1.0618212450028832 1.1837858191087451 1.318111150107361
34 340 -0.41554772343485075 -0.07174242489054894 0.09044483426951332 0.44843607641207095 0.6270413263894496 0.8260518076320198 0.8898591300732366 0.939125526882866 0.992180091309097 1.0618212450028832 1.1837858191087451 1.318111150107361
35 350 -0.43921650378616384 -0.09812050489456005 0.10442091888841892 0.5020882939338585 0.6270413263894496 0.8260518076320198 0.8898591300732366 0.939125526882866 0.992180091309097 1.0618212450028832 1.1837858191087451 1.318111150107361
36 360 -0.44391804433585835 -0.12099020801591681 0.09649725272282322 0.5427407191390429 0.6270413263894496 0.8260518076320198 0.8898591300732366 0.939125526882866 0.992180091309097 1.0618212450028832 1.1837858191087451 1.318111150107361
37 370 -0.42671496121216207 -0.1254344973164821 0.07259856877379622 0.5683905567974573 0.6270413263894496 0.8260518076320198 0.8898591300732366 0.939125526882866 0.992180091309097 1.0618212450028832 1.1837858191087451 1.318111150107361
38 380 -0.4096069668414247 -0.12017313263399129 0.09221308347078322 0.5712779210536646 0.6270413263894496 0.8260518076320198 0.8898591300732366 0.939125526882866 0.992180091309097 1.0618212450028832 1.1837858191087451 1.318111150107361
39 390 -0.4235070342439548 -0.12072266965369113 0.1074781782948341 0.6127581209550426 0.6270413263894496 0.8260518076320198 0.8898591300732366 0.939125526882866 0.992180091309097 1.0618212450028832 1.1837858191087451 1.318111150107361
40 400 -0.4454430818596493 -0.14222704347315884 0.09887716628463053 0.6356793255446879 0.6270413263894496 0.8260518076320198 0.8898591300732366 0.939125526882866 0.992180091309097 1.0618212450028832 1.1837858191087451 1.318111150107361
41 410 -0.40371773575345526 -0.15464669677867904 0.10617038680611049 0.6314758846349917 0.5340924049276737 0.7277318093707984 0.8325167597608731 0.9403249707581123 0.9518741177609911 1.043216340331533 1.1199345033002637 1.5359812987904833
42 420 -0.4317338808603506 -0.14157749755055657 0.10076033450657267 0.6370486164059395 0.5340924049276737 0.7277318093707984 0.8325167597608731 0.9403249707581123 0.9518741177609911 1.043216340331533 1.1199345033002637 1.5359812987904833
43 430 -0.34804472659152963 -0.13787634989045638 0.09833537375856408 0.6750089134050424 0.5340924049276737 0.7277318093707984 0.8325167597608731 0.9403249707581123 0.9518741177609911 1.043216340331533 1.1199345033002637 1.5359812987904833
44 440 -0.33546612839009804 -0.16669996060911746 0.12200999137054458 0.7099813199818901 0.5340924049276737 0.7277318093707984 0.8325167597608731 0.9403249707581123 0.9518741177609911 1.043216340331533 1.1199345033002637 1.5359812987904833
45 450 -0.35166039136306737 -0.19127171767042533 0.12943627091899979 0.7471004928332826 0.5340924049276737 0.7277318093707984 0.8325167597608731 0.9403249707581123 0.9518741177609911 1.043216340331533 1.1199345033002637 1.5359812987904833
46 460 -0.275874255700371 -0.183240906079558 0.09051667086977595 0.7563108195740702 0.5340924049276737 0.7277318093707984 0.8325167597608731 0.9403249707581123 0.9518741177609911 1.043216340331533 1.1199345033002637 1.5359812987904833
47 470 -0.2803779000837666 -0.165087666881316 0.09188838936715617 0.7671957400006731 0.5340924049276737 0.7277318093707984 0.8325167597608731 0.9403249707581123 0.9518741177609911 1.043216340331533 1.1199345033002637 1.5359812987904833
48 480 -0.3040516505828679 -0.16668765061767876 0.09911264157476002 0.7691785325945805 0.5340924049276737 0.7277318093707984 0.8325167597608731 0.9403249707581123 0.9518741177609911 1.043216340331533 1.1199345033002637 1.5359812987904833
49 490 -0.2835999356994429 -0.15816283584405677 0.08208678651602211 0.7558750629205678 0.4520663469418006 0.6567316069104737 0.8500204340138573 0.8751460365409831 0.9760580654854011 1.0223310112160071 1.1234311965301562 1.6173980938231498
50 500 -0.2207646514771693 -0.1272331333364415 0.07421295470460673 0.7617188155977306 0.4520663469418006 0.6567316069104737 0.8500204340138573 0.8751460365409831 0.9760580654854011 1.0223310112160071 1.1234311965301562 1.6173980938231498
51 510 -0.24811279791022245 -0.14538532571185783 0.07678165047473592 0.7838830185546056 0.4520663469418006 0.6567316069104737 0.8500204340138573 0.8751460365409831 0.9760580654854011 1.0223310112160071 1.1234311965301562 1.6173980938231498
52 520 -0.23905231296901497 -0.15153352853615212 0.07442489233207389 0.81605835601613 0.4520663469418006 0.6567316069104737 0.8500204340138573 0.8751460365409831 0.9760580654854011 1.0223310112160071 1.1234311965301562 1.6173980938231498
53 530 -0.21866564860130058 -0.1435210199434216 0.04490194495213058 0.8411299836268976 0.4520663469418006 0.6567316069104737 0.8500204340138573 0.8751460365409831 0.9760580654854011 1.0223310112160071 1.1234311965301562 1.6173980938231498
54 540 -0.22574708691957202 -0.12384439826614113 0.03689457036090793 0.831667108613017 0.4520663469418006 0.6567316069104737 0.8500204340138573 0.8751460365409831 0.9760580654854011 1.0223310112160071 1.1234311965301562 1.6173980938231498
55 550 -0.2571689886509903 -0.1174499203559052 0.03507236380980702 0.8338902801585314 0.4520663469418006 0.6567316069104737 0.8500204340138573 0.8751460365409831 0.9760580654854011 1.0223310112160071 1.1234311965301562 1.6173980938231498
56 560 -0.28404434921945415 -0.17127002359030047 0.027763169130184354 0.8463982261650095 0.4520663469418006 0.6567316069104737 0.8500204340138573 0.8751460365409831 0.9760580654854011 1.0223310112160071 1.1234311965301562 1.6173980938231498
57 570 -0.2994863847807119 -0.15108712654985668 0.06328614084082299 0.8641706743366713 0.33283090148654243 0.41494507624353977 0.8356967225283612 0.8888615423743118 1.0036858030598634 1.0829286406299767 1.1015775205032317 1.6837421582657939
58 580 -0.3587897194369218 -0.11805489823355314 0.11564810773441259 0.8775355058616231 0.33283090148654243 0.41494507624353977 0.8356967225283612 0.8888615423743118 1.0036858030598634 1.0829286406299767 1.1015775205032317 1.6837421582657939
59 590 -0.3803990660010434 -0.05857997886253044 0.1555551695282326 0.8842824061561085 0.33283090148654243 0.41494507624353977 0.8356967225283612 0.8888615423743118 1.0036858030598634 1.0829286406299767 1.1015775205032317 1.6837421582657939
60 600 -0.36475916098010797 -0.051465646927605975 0.21905026397497618 0.8975754444281316 0.33283090148654243 0.41494507624353977 0.8356967225283612 0.8888615423743118 1.0036858030598634 1.0829286406299767 1.1015775205032317 1.6837421582657939
61 610 -0.3700003893827103 -0.02381091535770225 0.20013725513610686 0.883669688893506 0.33283090148654243 0.41494507624353977 0.8356967225283612 0.8888615423743118 1.0036858030598634 1.0829286406299767 1.1015775205032317 1.6837421582657939
62 620 -0.3726832710273432 -0.03570175918514533 0.20511030222410775 0.8929976956773856 0.33283090148654243 0.41494507624353977 0.8356967225283612 0.8888615423743118 1.0036858030598634 1.0829286406299767 1.1015775205032317 1.6837421582657939
63 630 -0.4021534564100033 -0.04953024292568312 0.2240254462229521 0.8965458287195064 0.33283090148654243 0.41494507624353977 0.8356967225283612 0.8888615423743118 1.0036858030598634 1.0829286406299767 1.1015775205032317 1.6837421582657939
64 640 -0.4103256243355394 -0.11860332844960397 0.21612703827616514 0.9047147650607762 0.33283090148654243 0.41494507624353977 0.8356967225283612 0.8888615423743118 1.0036858030598634 1.0829286406299767 1.1015775205032317 1.6837421582657939
65 650 -0.41574475063776317 -0.04616294132180937 0.28122203584682093 0.9156221065429568 0.2635794274170796 0.34151149942351433 0.705870320993922 0.8460504351990386 0.9660316166812305 1.0389597985229022 1.072944005697596 1.8536391627030702
66 660 -0.42269860918645696 -0.039963010441889664 0.29084338233373785 0.9151278075680381 0.2635794274170796 0.34151149942351433 0.705870320993922 0.8460504351990386 0.9660316166812305 1.0389597985229022 1.072944005697596 1.8536391627030702
67 670 -0.4184897609509861 -0.05020206928324771 0.2962764630772837 0.9246505971263659 0.2635794274170796 0.34151149942351433 0.705870320993922 0.8460504351990386 0.9660316166812305 1.0389597985229022 1.072944005697596 1.8536391627030702
68 680 -0.35172584753526626 -0.09048536485577119 0.2844444980348271 0.9197310635830094 0.2635794274170796 0.34151149942351433 0.705870320993922 0.8460504351990386 0.9660316166812305 1.0389597985229022 1.072944005697596 1.8536391627030702
69 690 -0.38051586606441856 -0.0794133794132156 0.2622785023594083 0.9164267475515645 0.2635794274170796 0.34151149942351433 0.705870320993922 0.8460504351990386 0.9660316166812305 1.0389597985229022 1.072944005697596 1.8536391627030702
70 700 -0.3488132809814341 -0.04357797608379625 0.26251588157594186 0.906651500457935 0.2635794274170796 0.34151149942351433 0.705870320993922 0.8460504351990386 0.9660316166812305 1.0389597985229022 1.072944005697596 1.8536391627030702
71 710 -0.3228172872506621 -0.03346886428230744 0.2963607652704895 0.9080818946484294 0.2635794274170796 0.34151149942351433 0.705870320993922 0.8460504351990386 0.9660316166812305 1.0389597985229022 1.072944005697596 1.8536391627030702
72 720 -0.3172931694083862 -0.018536860892298876 0.2805475254510568 0.8990242006451966 0.2635794274170796 0.34151149942351433 0.705870320993922 0.8460504351990386 0.9660316166812305 1.0389597985229022 1.072944005697596 1.8536391627030702
73 730 -0.3354982377311846 -0.004739606983496696 0.2762784115106934 0.8958518476544926 0.3027652705682576 0.31918993646107474 0.635083043415956 0.8868636679450725 0.9730889170533785 1.0435770868314997 1.0576553911213888 1.8606459187132491
74 740 -0.30051903771205934 0.022221651335108745 0.28486208463451823 0.9029315925682149 0.3027652705682576 0.31918993646107474 0.635083043415956 0.8868636679450725 0.9730889170533785 1.0435770868314997 1.0576553911213888 1.8606459187132491
75 750 -0.26117550209770385 0.005424824971760681 0.23439965983750877 0.904964048964118 0.3027652705682576 0.31918993646107474 0.635083043415956 0.8868636679450725 0.9730889170533785 1.0435770868314997 1.0576553911213888 1.8606459187132491
76 760 -0.2654355115924345 0.0008995359580636765 0.21169500605842123 0.8822641483093329 0.3027652705682576 0.31918993646107474 0.635083043415956 0.8868636679450725 0.9730889170533785 1.0435770868314997 1.0576553911213888 1.8606459187132491
77 770 -0.2911086756588234 -0.006275904304426408 0.1847268010298962 0.8724711279623424 0.3027652705682576 0.31918993646107474 0.635083043415956 0.8868636679450725 0.9730889170533785 1.0435770868314997 1.0576553911213888 1.8606459187132491
78 780 -0.3249597040115326 -0.03612217857171698 0.18143857384651121 0.8811490813602697 0.3027652705682576 0.31918993646107474 0.635083043415956 0.8868636679450725 0.9730889170533785 1.0435770868314997 1.0576553911213888 1.8606459187132491
79 790 -0.2607761971647064 -0.026929274259711023 0.18164460792521678 0.8812299829698388 0.3027652705682576 0.31918993646107474 0.635083043415956 0.8868636679450725 0.9730889170533785 1.0435770868314997 1.0576553911213888 1.8606459187132491
80 800 -0.205752539097027 -0.03271875337700539 0.2247304112735708 0.8718714146711145 0.3027652705682576 0.31918993646107474 0.635083043415956 0.8868636679450725 0.9730889170533785 1.0435770868314997 1.0576553911213888 1.8606459187132491
81 810 -0.19152905552725508 -0.028532882264808105 0.2849455238175348 0.8767390538113021 0.27296615099593957 0.34613227110727063 0.5943903067055862 0.8413403995847593 0.9308341856127071 1.000236370100974 1.1878607094829825 1.8618781604385721
82 820 -0.19408249968177085 -0.025017629651672965 0.3580627439598648 0.8799582940994233 0.27296615099593957 0.34613227110727063 0.5943903067055862 0.8413403995847593 0.9308341856127071 1.000236370100974 1.1878607094829825 1.8618781604385721
83 830 -0.19539594209359507 -0.03374421921982668 0.4121229003334551 0.8690417676624285 0.27296615099593957 0.34613227110727063 0.5943903067055862 0.8413403995847593 0.9308341856127071 1.000236370100974 1.1878607094829825 1.8618781604385721
84 840 -0.19401883621979052 -0.014028436452260384 0.4022546385533545 0.8727999954777372 0.27296615099593957 0.34613227110727063 0.5943903067055862 0.8413403995847593 0.9308341856127071 1.000236370100974 1.1878607094829825 1.8618781604385721
85 850 -0.27536587458169964 -0.019619610482316543 0.37849512758207216 0.8722622217255601 0.27296615099593957 0.34613227110727063 0.5943903067055862 0.8413403995847593 0.9308341856127071 1.000236370100974 1.1878607094829825 1.8618781604385721
86 860 -0.29592394323897697 -0.0258388046542969 0.38508993665923597 0.8732123538551568 0.27296615099593957 0.34613227110727063 0.5943903067055862 0.8413403995847593 0.9308341856127071 1.000236370100974 1.1878607094829825 1.8618781604385721
87 870 -0.31504783891605376 -0.015943440000164174 0.40237160605501365 0.8753730472201272 0.27296615099593957 0.34613227110727063 0.5943903067055862 0.8413403995847593 0.9308341856127071 1.000236370100974 1.1878607094829825 1.8618781604385721
88 880 -0.33258179081817046 -0.018510359667253333 0.39136417948359625 0.885409953622932 0.27296615099593957 0.34613227110727063 0.5943903067055862 0.8413403995847593 0.9308341856127071 1.000236370100974 1.1878607094829825 1.8618781604385721
89 890 -0.29504893711804586 -0.01915370055715499 0.3727068191682249 0.872445161767153 0.2904865994993322 0.35894325074365413 0.5577673492824743 0.8249926944374314 0.8754302005460699 1.011630255451112 1.2221166153915666 1.873957599591786
90 900 -0.2909237656714091 -0.018759470768337772 0.34066848784630044 0.8709647704674195 0.2904865994993322 0.35894325074365413 0.5577673492824743 0.8249926944374314 0.8754302005460699 1.011630255451112 1.2221166153915666 1.873957599591786
91 910 -0.28849032395396473 -0.009708612203908982 0.36288911677892044 0.854006493398821 0.2904865994993322 0.35894325074365413 0.5577673492824743 0.8249926944374314 0.8754302005460699 1.011630255451112 1.2221166153915666 1.873957599591786
92 920 -0.2851790694436065 -0.028299913406593234 0.3723475207198489 0.8403448710454018 0.2904865994993322 0.35894325074365413 0.5577673492824743 0.8249926944374314 0.8754302005460699 1.011630255451112 1.2221166153915666 1.873957599591786
93 930 -0.32822136030449245 -0.010275764388623963 0.38228515009200675 0.863220828195169 0.2904865994993322 0.35894325074365413 0.5577673492824743 0.8249926944374314 0.8754302005460699 1.011630255451112 1.2221166153915666 1.873957599591786
94 940 -0.293974960170575 -0.009320255252021636 0.37940453776878125 0.8332497381006522 0.2904865994993322 0.35894325074365413 0.5577673492824743 0.8249926944374314 0.8754302005460699 1.011630255451112 1.2221166153915666 1.873957599591786
95 950 -0.3065751085220443 -0.028897616372446835 0.40901684347422285 0.8473180302068545 0.2904865994993322 0.35894325074365413 0.5577673492824743 0.8249926944374314 0.8754302005460699 1.011630255451112 1.2221166153915666 1.873957599591786
96 960 -0.2873605346174422 -0.04696074470433011 0.4535874937310239 0.8343217166250911 0.2904865994993322 0.35894325074365413 0.5577673492824743 0.8249926944374314 0.8754302005460699 1.011630255451112 1.2221166153915666 1.873957599591786
97 970 -0.25089124418006004 -0.04284948032480315 0.45356270822564626 0.8294983042023443 0.3114448616397522 0.43993733536887536 0.5763654363055362 0.7246808635045386 0.9063063443987185 0.9863540510729232 1.2090892706211926 1.8962899041846826
98 980 -0.2843209410540568 -0.041738229435712516 0.41073422624240263 0.832392564349664 0.3114448616397522 0.43993733536887536 0.5763654363055362 0.7246808635045386 0.9063063443987185 0.9863540510729232 1.2090892706211926 1.8962899041846826
99 990 -0.2760794953349527 0.0052826919255438195 0.40150650082330974 0.8491613440491249 0.3114448616397522 0.43993733536887536 0.5763654363055362 0.7246808635045386 0.9063063443987185 0.9863540510729232 1.2090892706211926 1.8962899041846826
100 1000 -0.2642738761226939 0.047102415305638023 0.4554305934373508 0.8575638711805287 0.3114448616397522 0.43993733536887536 0.5763654363055362 0.7246808635045386 0.9063063443987185 0.9863540510729232 1.2090892706211926 1.8962899041846826
101 1010 -0.28305438723518156 0.008260016700536959 0.461735545477236 0.8617171741460777 0.3114448616397522 0.43993733536887536 0.5763654363055362 0.7246808635045386 0.9063063443987185 0.9863540510729232 1.2090892706211926 1.8962899041846826
102 1020 -0.27355598770383205 -0.016529517104321555 0.5390145470878813 0.8634480279189252 0.3114448616397522 0.43993733536887536 0.5763654363055362 0.7246808635045386 0.9063063443987185 0.9863540510729232 1.2090892706211926 1.8962899041846826
103 1030 -0.26333192243104353 0.016173914637621238 0.5625396995388101 0.8700919265577011 0.3114448616397522 0.43993733536887536 0.5763654363055362 0.7246808635045386 0.9063063443987185 0.9863540510729232 1.2090892706211926 1.8962899041846826
104 1040 -0.22353167591624717 -0.007701349531259585 0.6072611212199157 0.8728695592884224 0.3114448616397522 0.43993733536887536 0.5763654363055362 0.7246808635045386 0.9063063443987185 0.9863540510729232 1.2090892706211926 1.8962899041846826
105 1050 -0.1638796441620433 0.021816769815467443 0.6058263979737002 0.855459554183024 0.27791534129499956 0.41764566910589546 0.5708802545647643 0.7361019004338868 0.8739236850310914 0.9452181379436032 1.1758642995778197 1.9597826661898325
106 1060 -0.15656786739779782 0.056814410158325876 0.6304873127862184 0.8546274619290826 0.27791534129499956 0.41764566910589546 0.5708802545647643 0.7361019004338868 0.8739236850310914 0.9452181379436032 1.1758642995778197 1.9597826661898325
107 1070 -0.21237691016926893 0.04473236873927401 0.6376485214530709 0.8678131479173391 0.27791534129499956 0.41764566910589546 0.5708802545647643 0.7361019004338868 0.8739236850310914 0.9452181379436032 1.1758642995778197 1.9597826661898325
108 1080 -0.1476562139946479 0.0545865472964121 0.6608940921924455 0.898556734429922 0.27791534129499956 0.41764566910589546 0.5708802545647643 0.7361019004338868 0.8739236850310914 0.9452181379436032 1.1758642995778197 1.9597826661898325
109 1090 -0.13420709648046256 0.045944898373432345 0.6367954476864681 0.8925794439932282 0.27791534129499956 0.41764566910589546 0.5708802545647643 0.7361019004338868 0.8739236850310914 0.9452181379436032 1.1758642995778197 1.9597826661898325
110 1100 -0.13833926870836832 0.06579245471003523 0.6449529915373592 0.8914880122100833 0.27791534129499956 0.41764566910589546 0.5708802545647643 0.7361019004338868 0.8739236850310914 0.9452181379436032 1.1758642995778197 1.9597826661898325
111 1110 -0.18531483342701333 0.03585668696486634 0.6394130062222599 0.898130152998929 0.27791534129499956 0.41764566910589546 0.5708802545647643 0.7361019004338868 0.8739236850310914 0.9452181379436032 1.1758642995778197 1.9597826661898325
112 1120 -0.18333565829144463 0.029824377379066302 0.6586757249055544 0.9006396262726921 0.27791534129499956 0.41764566910589546 0.5708802545647643 0.7361019004338868 0.8739236850310914 0.9452181379436032 1.1758642995778197 1.9597826661898325
113 1130 -0.17396042890544405 0.019225429363718526 0.6542857693151796 0.8992953985400968 0.26148834695334133 0.3493999047469226 0.5821271253973463 0.651071637683856 0.936090005518842 0.9993046357162396 1.0487025886252546 2.0179509187949027
114 1140 -0.16881732433165303 0.032769657024371665 0.6410348305952936 0.8941851546883632 0.26148834695334133 0.3493999047469226 0.5821271253973463 0.651071637683856 0.936090005518842 0.9993046357162396 1.0487025886252546 2.0179509187949027
115 1150 -0.15689573117945377 0.03360455962847143 0.6321295158452219 0.8959585075750001 0.26148834695334133 0.3493999047469226 0.5821271253973463 0.651071637683856 0.936090005518842 0.9993046357162396 1.0487025886252546 2.0179509187949027
116 1160 -0.15589819441993585 0.0626793318343735 0.6285613065779403 0.8996412926142922 0.26148834695334133 0.3493999047469226 0.5821271253973463 0.651071637683856 0.936090005518842 0.9993046357162396 1.0487025886252546 2.0179509187949027
117 1170 -0.08743849781151014 0.13617333612153815 0.6841087769481491 0.904291942322346 0.26148834695334133 0.3493999047469226 0.5821271253973463 0.651071637683856 0.936090005518842 0.9993046357162396 1.0487025886252546 2.0179509187949027
118 1180 -0.003858172538784954 0.1779527705993411 0.7050725980469398 0.9056443844704102 0.26148834695334133 0.3493999047469226 0.5821271253973463 0.651071637683856 0.936090005518842 0.9993046357162396 1.0487025886252546 2.0179509187949027
119 1190 -0.0004636340590624217 0.16812777924751454 0.7112575213976997 0.9136801466277699 0.26148834695334133 0.3493999047469226 0.5821271253973463 0.651071637683856 0.936090005518842 0.9993046357162396 1.0487025886252546 2.0179509187949027
120 1200 -0.006750936693640219 0.1594285348418297 0.7113989517001922 0.9130457888317464 0.26148834695334133 0.3493999047469226 0.5821271253973463 0.651071637683856 0.936090005518842 0.9993046357162396 1.0487025886252546 2.0179509187949027
121 1210 0.02455064908739965 0.17914203954401098 0.7169401934185293 0.9175470174293267 0.23358060964208135 0.2995821632840082 0.43162221897836384 0.5899977506282154 0.8666492538549219 0.9590880691296269 1.0114978308862104 2.1511013051777796
122 1220 -0.005348356991140572 0.17232857868001455 0.7182774248865664 0.9182729988179723 0.23358060964208135 0.2995821632840082 0.43162221897836384 0.5899977506282154 0.8666492538549219 0.9590880691296269 1.0114978308862104 2.1511013051777796
123 1230 -0.015361249211895288 0.18068370182972454 0.7283251512404962 0.9204272587263552 0.23358060964208135 0.2995821632840082 0.43162221897836384 0.5899977506282154 0.8666492538549219 0.9590880691296269 1.0114978308862104 2.1511013051777796
124 1240 0.0033289241766441243 0.18717168525182928 0.7357167737607504 0.919711195186146 0.23358060964208135 0.2995821632840082 0.43162221897836384 0.5899977506282154 0.8666492538549219 0.9590880691296269 1.0114978308862104 2.1511013051777796
125 1250 0.06974536912737533 0.18523393217879647 0.7610793837588299 0.9278271834332672 0.23358060964208135 0.2995821632840082 0.43162221897836384 0.5899977506282154 0.8666492538549219 0.9590880691296269 1.0114978308862104 2.1511013051777796
126 1260 0.025826158379271043 0.19760755350712483 0.7324050741180342 0.912810095730568 0.23358060964208135 0.2995821632840082 0.43162221897836384 0.5899977506282154 0.8666492538549219 0.9590880691296269 1.0114978308862104 2.1511013051777796
127 1270 0.035964037447104455 0.20530632848212071 0.7350012706890929 0.9094531014024851 0.23358060964208135 0.2995821632840082 0.43162221897836384 0.5899977506282154 0.8666492538549219 0.9590880691296269 1.0114978308862104 2.1511013051777796
128 1280 0.016125401241629925 0.18028802023777024 0.7206577227723269 0.9068943223799966 0.23358060964208135 0.2995821632840082 0.43162221897836384 0.5899977506282154 0.8666492538549219 0.9590880691296269 1.0114978308862104 2.1511013051777796
129 1290 -0.018363067611765763 0.14437381652159345 0.692775370488858 0.9005166426688062 0.24105071060761532 0.29761586259793144 0.4271923822446197 0.7338356818336474 0.81852354787935 0.8974032107152847 1.1254221199280077 2.0953336118163177
130 1300 -0.01830584758555315 0.12644075566775803 0.7018943801145313 0.8987345895365917 0.24105071060761532 0.29761586259793144 0.4271923822446197 0.7338356818336474 0.81852354787935 0.8974032107152847 1.1254221199280077 2.0953336118163177
131 1310 -0.051839928710009205 0.1098911737168888 0.6974756260328321 0.8991612185962043 0.24105071060761532 0.29761586259793144 0.4271923822446197 0.7338356818336474 0.81852354787935 0.8974032107152847 1.1254221199280077 2.0953336118163177
132 1320 -0.06028668249847107 0.08891606661727779 0.7188860913154456 0.8969630536183605 0.24105071060761532 0.29761586259793144 0.4271923822446197 0.7338356818336474 0.81852354787935 0.8974032107152847 1.1254221199280077 2.0953336118163177
133 1330 -0.034753001510528785 0.15067140198412687 0.7003486641498232 0.8979994342768585 0.24105071060761532 0.29761586259793144 0.4271923822446197 0.7338356818336474 0.81852354787935 0.8974032107152847 1.1254221199280077 2.0953336118163177
134 1340 -0.026596921846487827 0.17418681451055484 0.6950990884858931 0.8956610332082466 0.24105071060761532 0.29761586259793144 0.4271923822446197 0.7338356818336474 0.81852354787935 0.8974032107152847 1.1254221199280077 2.0953336118163177
135 1350 -0.047523677917885906 0.17810014152544895 0.6718482497035851 0.8917906050940206 0.24105071060761532 0.29761586259793144 0.4271923822446197 0.7338356818336474 0.81852354787935 0.8974032107152847 1.1254221199280077 2.0953336118163177
136 1360 -0.1065503651422197 0.18015095838351605 0.6726006161383375 0.8923618552230772 0.24105071060761532 0.29761586259793144 0.4271923822446197 0.7338356818336474 0.81852354787935 0.8974032107152847 1.1254221199280077 2.0953336118163177
137 1370 -0.16678911738401359 0.16716509804369778 0.7017391645656234 0.899411298317247 0.2184331409286923 0.2939460590045822 0.3489467454350252 0.6563101935513851 0.8044813160364649 0.9030878594951943 1.1290228607399178 2.139141249692929
138 1380 -0.13210762391637257 0.20644210748025255 0.7329401347951808 0.9005123332557677 0.2184331409286923 0.2939460590045822 0.3489467454350252 0.6563101935513851 0.8044813160364649 0.9030878594951943 1.1290228607399178 2.139141249692929
139 1390 -0.13857294171251522 0.21910020480614154 0.7223974434701992 0.8978876015191296 0.2184331409286923 0.2939460590045822 0.3489467454350252 0.6563101935513851 0.8044813160364649 0.9030878594951943 1.1290228607399178 2.139141249692929
140 1400 -0.14221943590309605 0.21902633025078808 0.7269213411697041 0.8934653175362339 0.2184331409286923 0.2939460590045822 0.3489467454350252 0.6563101935513851 0.8044813160364649 0.9030878594951943 1.1290228607399178 2.139141249692929
141 1410 -0.10684933768751304 0.2008860909695976 0.7296773826909095 0.8916845057099475 0.2184331409286923 0.2939460590045822 0.3489467454350252 0.6563101935513851 0.8044813160364649 0.9030878594951943 1.1290228607399178 2.139141249692929
142 1420 -0.05247671971793005 0.17933166161038722 0.7206330951921202 0.8896430036067338 0.2184331409286923 0.2939460590045822 0.3489467454350252 0.6563101935513851 0.8044813160364649 0.9030878594951943 1.1290228607399178 2.139141249692929
143 1430 -0.02705974415842427 0.19062598454715657 0.7163997627921757 0.9044493715484265 0.2184331409286923 0.2939460590045822 0.3489467454350252 0.6563101935513851 0.8044813160364649 0.9030878594951943 1.1290228607399178 2.139141249692929
144 1440 0.011997335573219477 0.2446869248643772 0.7448078584214166 0.9157567839068959 0.2184331409286923 0.2939460590045822 0.3489467454350252 0.6563101935513851 0.8044813160364649 0.9030878594951943 1.1290228607399178 2.139141249692929
145 1450 0.06426072965628779 0.2648614977454604 0.7419848220843235 0.9297414722562953 0.21852329423989947 0.2719402233214081 0.3636240971576743 0.6325436866543028 0.7486760110022201 0.8936463049655791 1.0327317150927617 2.2181766841411044
146 1460 0.05559924045504125 0.2903707652168539 0.7373844571205719 0.934628252411393 0.21852329423989947 0.2719402233214081 0.3636240971576743 0.6325436866543028 0.7486760110022201 0.8936463049655791 1.0327317150927617 2.2181766841411044
147 1470 0.03378997623189454 0.281384260760147 0.7395767813719654 0.9365749002521299 0.21852329423989947 0.2719402233214081 0.3636240971576743 0.6325436866543028 0.7486760110022201 0.8936463049655791 1.0327317150927617 2.2181766841411044
148 1480 0.015416025013655648 0.26130558204591725 0.7381998334403528 0.9320541190946982 0.21852329423989947 0.2719402233214081 0.3636240971576743 0.6325436866543028 0.7486760110022201 0.8936463049655791 1.0327317150927617 2.2181766841411044
149 1490 0.0261755356690914 0.2571271785726363 0.7188452058352539 0.9332712516434156 0.21852329423989947 0.2719402233214081 0.3636240971576743 0.6325436866543028 0.7486760110022201 0.8936463049655791 1.0327317150927617 2.2181766841411044
150 1500 -0.001915361180084998 0.22641960491672625 0.7298500430230173 0.9357761676558463 0.21852329423989947 0.2719402233214081 0.3636240971576743 0.6325436866543028 0.7486760110022201 0.8936463049655791 1.0327317150927617 2.2181766841411044
151 1510 0.03582694938080486 0.23437841566400577 0.7424918553252771 0.938406827711574 0.21852329423989947 0.2719402233214081 0.3636240971576743 0.6325436866543028 0.7486760110022201 0.8936463049655791 1.0327317150927617 2.2181766841411044
152 1520 0.011813595370431803 0.21214675970135993 0.7123337873692418 0.9339280504391114 0.21852329423989947 0.2719402233214081 0.3636240971576743 0.6325436866543028 0.7486760110022201 0.8936463049655791 1.0327317150927617 2.2181766841411044
153 1530 0.029110078359135823 0.20323290855728007 0.6939101202946132 0.9283440354268395 0.2123270088154388 0.25840987111881686 0.3782081412217305 0.6225074511435352 0.6610057640497453 0.9913308153987099 1.0390906013979004 2.2041347443930737
154 1540 0.03518769800139481 0.2262603584897 0.699886062001175 0.9258918632569719 0.2123270088154388 0.25840987111881686 0.3782081412217305 0.6225074511435352 0.6610057640497453 0.9913308153987099 1.0390906013979004 2.2041347443930737
155 1550 0.09720584350740005 0.26133199134491536 0.7055724430545522 0.9285568209973104 0.2123270088154388 0.25840987111881686 0.3782081412217305 0.6225074511435352 0.6610057640497453 0.9913308153987099 1.0390906013979004 2.2041347443930737
156 1560 0.1424721363480371 0.2911453653486491 0.6986627893692751 0.9279416661970195 0.2123270088154388 0.25840987111881686 0.3782081412217305 0.6225074511435352 0.6610057640497453 0.9913308153987099 1.0390906013979004 2.2041347443930737
157 1570 0.17911904599368156 0.3295327508398818 0.699479129481211 0.934925318857672 0.2123270088154388 0.25840987111881686 0.3782081412217305 0.6225074511435352 0.6610057640497453 0.9913308153987099 1.0390906013979004 2.2041347443930737
158 1580 0.19193026290037904 0.316657809794917 0.7160752071258254 0.9356794764678241 0.2123270088154388 0.25840987111881686 0.3782081412217305 0.6225074511435352 0.6610057640497453 0.9913308153987099 1.0390906013979004 2.2041347443930737
159 1590 0.20961954782834177 0.33595525363204193 0.739071383469797 0.9314014434828795 0.2123270088154388 0.25840987111881686 0.3782081412217305 0.6225074511435352 0.6610057640497453 0.9913308153987099 1.0390906013979004 2.2041347443930737
160 1600 0.21447376420905453 0.33405833845532684 0.7300629196664534 0.9295482401801538 0.2123270088154388 0.25840987111881686 0.3782081412217305 0.6225074511435352 0.6610057640497453 0.9913308153987099 1.0390906013979004 2.2041347443930737
161 1610 0.26388111053625696 0.34350975139251494 0.7165119786238668 0.9246203513721416 0.2104297861916212 0.298560569385852 0.3818599059929904 0.5417784778994122 0.7038176898331719 0.9333505399245944 1.0406125986428725 2.231112465389734
162 1620 0.2722452258931598 0.3585784679186258 0.739110291209216 0.924539220832544 0.2104297861916212 0.298560569385852 0.3818599059929904 0.5417784778994122 0.7038176898331719 0.9333505399245944 1.0406125986428725 2.231112465389734
163 1630 0.2903555544773545 0.3565844379282782 0.7414139322948881 0.9213381464200083 0.2104297861916212 0.298560569385852 0.3818599059929904 0.5417784778994122 0.7038176898331719 0.9333505399245944 1.0406125986428725 2.231112465389734
164 1640 0.2983434258601144 0.36328038809642776 0.7346189611535764 0.919309958723925 0.2104297861916212 0.298560569385852 0.3818599059929904 0.5417784778994122 0.7038176898331719 0.9333505399245944 1.0406125986428725 2.231112465389734
165 1650 0.26407279376205994 0.3756118689235405 0.7445879597583727 0.922782400800661 0.2104297861916212 0.298560569385852 0.3818599059929904 0.5417784778994122 0.7038176898331719 0.9333505399245944 1.0406125986428725 2.231112465389734
166 1660 0.22318814670402243 0.3330687131686353 0.73780429274869 0.9117499309918303 0.2104297861916212 0.298560569385852 0.3818599059929904 0.5417784778994122 0.7038176898331719 0.9333505399245944 1.0406125986428725 2.231112465389734
167 1670 0.23737942278575816 0.34903281713176093 0.7440524940762685 0.9164636287814758 0.2104297861916212 0.298560569385852 0.3818599059929904 0.5417784778994122 0.7038176898331719 0.9333505399245944 1.0406125986428725 2.231112465389734
168 1680 0.19688802588745885 0.35621240812041943 0.7404915633073383 0.9180470589182935 0.2104297861916212 0.298560569385852 0.3818599059929904 0.5417784778994122 0.7038176898331719 0.9333505399245944 1.0406125986428725 2.231112465389734
169 1690 0.21390188269456584 0.3346258859070902 0.7459106975306018 0.92414094813759 0.20693986745339207 0.3059650596215236 0.37275955707018604 0.49535440776956907 0.6712138972260218 0.9686978635699226 1.0308572505862719 2.2422455884814902
170 1700 0.2108577262158366 0.3216780897432522 0.761885007771238 0.9262753906726642 0.20693986745339207 0.3059650596215236 0.37275955707018604 0.49535440776956907 0.6712138972260218 0.9686978635699226 1.0308572505862719 2.2422455884814902
171 1710 0.18286017955530168 0.30383066432961503 0.7681483810728995 0.9285447235601271 0.20693986745339207 0.3059650596215236 0.37275955707018604 0.49535440776956907 0.6712138972260218 0.9686978635699226 1.0308572505862719 2.2422455884814902
172 1720 0.12852250183127642 0.35466666039850636 0.74463093235004 0.9223007689782063 0.20693986745339207 0.3059650596215236 0.37275955707018604 0.49535440776956907 0.6712138972260218 0.9686978635699226 1.0308572505862719 2.2422455884814902
173 1730 0.11391222907699884 0.37973117400412426 0.7513968495677925 0.9262341047085898 0.20693986745339207 0.3059650596215236 0.37275955707018604 0.49535440776956907 0.6712138972260218 0.9686978635699226 1.0308572505862719 2.2422455884814902
174 1740 0.11626643643888164 0.36118450526566714 0.7650819234087176 0.9228766509584028 0.20693986745339207 0.3059650596215236 0.37275955707018604 0.49535440776956907 0.6712138972260218 0.9686978635699226 1.0308572505862719 2.2422455884814902
175 1750 0.18293511951572086 0.37752734637967256 0.7717721512632026 0.928622214951002 0.20693986745339207 0.3059650596215236 0.37275955707018604 0.49535440776956907 0.6712138972260218 0.9686978635699226 1.0308572505862719 2.2422455884814902
176 1760 0.16580788331033366 0.3145956905923033 0.7592037178674048 0.9263795117885105 0.20693986745339207 0.3059650596215236 0.37275955707018604 0.49535440776956907 0.6712138972260218 0.9686978635699226 1.0308572505862719 2.2422455884814902
177 1770 0.1785210357109986 0.366038548431852 0.766233958688467 0.9253548183314642 0.19477258443482384 0.3338602826207133 0.3485676910419448 0.44974678357671843 0.5387171210254657 0.9458691883568926 1.1320838875677797 2.249517895240135
178 1780 0.24065006961324015 0.4051143182385841 0.7717420191917848 0.9259999851323572 0.19477258443482384 0.3338602826207133 0.3485676910419448 0.44974678357671843 0.5387171210254657 0.9458691883568926 1.1320838875677797 2.249517895240135
179 1790 0.2333393287944893 0.4011550313568464 0.7903107590008415 0.9301157027909149 0.19477258443482384 0.3338602826207133 0.3485676910419448 0.44974678357671843 0.5387171210254657 0.9458691883568926 1.1320838875677797 2.249517895240135
180 1800 0.21335080049749763 0.3548273732778987 0.783059551902207 0.9275471367030261 0.19477258443482384 0.3338602826207133 0.3485676910419448 0.44974678357671843 0.5387171210254657 0.9458691883568926 1.1320838875677797 2.249517895240135
181 1810 0.17376021854469714 0.3100827077546906 0.7695024715798879 0.9243405779822076 0.19477258443482384 0.3338602826207133 0.3485676910419448 0.44974678357671843 0.5387171210254657 0.9458691883568926 1.1320838875677797 2.249517895240135
182 1820 0.16077170206572175 0.2958767075712233 0.7587160168036926 0.9174733774591365 0.19477258443482384 0.3338602826207133 0.3485676910419448 0.44974678357671843 0.5387171210254657 0.9458691883568926 1.1320838875677797 2.249517895240135
183 1830 0.07751799494451664 0.272640000670766 0.7504170207385752 0.9136545305376413 0.19477258443482384 0.3338602826207133 0.3485676910419448 0.44974678357671843 0.5387171210254657 0.9458691883568926 1.1320838875677797 2.249517895240135
184 1840 0.09325549087890754 0.2890024145084232 0.7663401781554725 0.9139592668077453 0.19477258443482384 0.3338602826207133 0.3485676910419448 0.44974678357671843 0.5387171210254657 0.9458691883568926 1.1320838875677797 2.249517895240135
185 1850 0.060577783093720056 0.2918111622074207 0.7746941513134002 0.918904712400772 0.20491143331009035 0.31365315829442175 0.347729483137418 0.45965946105374544 0.5108574904707249 0.8760078189480693 1.242721869843796 2.2259172641846425
186 1860 0.028737027116467757 0.26416739101982645 0.7694459421046589 0.9224050554237259 0.20491143331009035 0.31365315829442175 0.347729483137418 0.45965946105374544 0.5108574904707249 0.8760078189480693 1.242721869843796 2.2259172641846425
187 1870 0.020773610442907903 0.2570972185726484 0.7428308571287994 0.9191651265284487 0.20491143331009035 0.31365315829442175 0.347729483137418 0.45965946105374544 0.5108574904707249 0.8760078189480693 1.242721869843796 2.2259172641846425
188 1880 0.08514971829639502 0.2941016098798244 0.7729722268882537 0.9312881024230564 0.20491143331009035 0.31365315829442175 0.347729483137418 0.45965946105374544 0.5108574904707249 0.8760078189480693 1.242721869843796 2.2259172641846425
189 1890 0.07699289681241643 0.27260421926971823 0.7837836559839799 0.9368901682547424 0.20491143331009035 0.31365315829442175 0.347729483137418 0.45965946105374544 0.5108574904707249 0.8760078189480693 1.242721869843796 2.2259172641846425
190 1900 0.06337282594494073 0.25942791648261704 0.7838846640200359 0.9310723341923945 0.20491143331009035 0.31365315829442175 0.347729483137418 0.45965946105374544 0.5108574904707249 0.8760078189480693 1.242721869843796 2.2259172641846425
191 1910 0.048325510131647216 0.24173800887864005 0.778181397592682 0.9232193089795016 0.20491143331009035 0.31365315829442175 0.347729483137418 0.45965946105374544 0.5108574904707249 0.8760078189480693 1.242721869843796 2.2259172641846425
192 1920 0.06333920717172897 0.25691043896002086 0.7857442316450427 0.9219914840194766 0.20491143331009035 0.31365315829442175 0.347729483137418 0.45965946105374544 0.5108574904707249 0.8760078189480693 1.242721869843796 2.2259172641846425
193 1930 0.09660323498811596 0.3070461548343384 0.8065963617857129 0.9299696752985281 0.18394418818633043 0.22586328518303786 0.3966400733737808 0.4079302966596602 0.4685184404696623 0.8260825197230842 1.2066170844293382 2.287700415354047
194 1940 0.11047717100388066 0.3400027616417418 0.814297640637806 0.9320707922516939 0.18394418818633043 0.22586328518303786 0.3966400733737808 0.4079302966596602 0.4685184404696623 0.8260825197230842 1.2066170844293382 2.287700415354047
195 1950 0.17089665278617439 0.37065991950865107 0.8098558139252554 0.9282629155801727 0.18394418818633043 0.22586328518303786 0.3966400733737808 0.4079302966596602 0.4685184404696623 0.8260825197230842 1.2066170844293382 2.287700415354047
196 1960 0.192142113826379 0.37540252553566644 0.8147442253691276 0.9340671116229793 0.18394418818633043 0.22586328518303786 0.3966400733737808 0.4079302966596602 0.4685184404696623 0.8260825197230842 1.2066170844293382 2.287700415354047
197 1970 0.20578681745072194 0.3716791419112568 0.8165453815221406 0.9385962225277743 0.18394418818633043 0.22586328518303786 0.3966400733737808 0.4079302966596602 0.4685184404696623 0.8260825197230842 1.2066170844293382 2.287700415354047
198 1980 0.21457132934112538 0.36560482546561535 0.8102727512734591 0.9335660741325036 0.18394418818633043 0.22586328518303786 0.3966400733737808 0.4079302966596602 0.4685184404696623 0.8260825197230842 1.2066170844293382 2.287700415354047
199 1990 0.18862081839000075 0.369736252331761 0.8031548994889481 0.9428878175436911 0.18394418818633043 0.22586328518303786 0.3966400733737808 0.4079302966596602 0.4685184404696623 0.8260825197230842 1.2066170844293382 2.287700415354047
200 2000 0.1531676957676178 0.37474457739339495 0.8186559205085866 0.9465983559718217 0.18394418818633043 0.22586328518303786 0.3966400733737808 0.4079302966596602 0.4685184404696623 0.8260825197230842 1.2066170844293382 2.287700415354047
201 2010 0.0665288253469481 0.3302208453526742 0.8137688609445115 0.9432072786215979 0.16691648142966303 0.22885704792356934 0.3672376738273 0.42319715595403523 0.48642854468184565 0.7059065241194447 1.2091364973141656 2.3256990731701115
202 2020 0.06828308556383948 0.34564643015486063 0.8021474335812885 0.9345762307972467 0.16691648142966303 0.22885704792356934 0.3672376738273 0.42319715595403523 0.48642854468184565 0.7059065241194447 1.2091364973141656 2.3256990731701115
203 2030 0.03063739697902061 0.3194817167183045 0.7942448803864544 0.9345524884793671 0.16691648142966303 0.22885704792356934 0.3672376738273 0.42319715595403523 0.48642854468184565 0.7059065241194447 1.2091364973141656 2.3256990731701115
204 2040 0.04925805830187223 0.3211198727538268 0.793379676801996 0.9328905257934804 0.16691648142966303 0.22885704792356934 0.3672376738273 0.42319715595403523 0.48642854468184565 0.7059065241194447 1.2091364973141656 2.3256990731701115
205 2050 0.059014988123710095 0.30190955270777026 0.7995190869448072 0.9373511467323654 0.16691648142966303 0.22885704792356934 0.3672376738273 0.42319715595403523 0.48642854468184565 0.7059065241194447 1.2091364973141656 2.3256990731701115
206 2060 0.13277248074788375 0.3143901014769809 0.811900563474139 0.9465642306763766 0.16691648142966303 0.22885704792356934 0.3672376738273 0.42319715595403523 0.48642854468184565 0.7059065241194447 1.2091364973141656 2.3256990731701115
207 2070 0.126637422711044 0.3119356786217139 0.8306732588531951 0.9480779372371853 0.16691648142966303 0.22885704792356934 0.3672376738273 0.42319715595403523 0.48642854468184565 0.7059065241194447 1.2091364973141656 2.3256990731701115
208 2080 0.1801216110607088 0.3513584605626352 0.8359430864765183 0.9518820008072086 0.16691648142966303 0.22885704792356934 0.3672376738273 0.42319715595403523 0.48642854468184565 0.7059065241194447 1.2091364973141656 2.3256990731701115
209 2090 0.17637444048562378 0.34891875591185206 0.8389511282923768 0.9535027561211035 0.1587346872462401 0.22095130202918808 0.32767369600004653 0.46800389632008776 0.49583564835974253 0.6649520486369583 1.2140559631130945 2.331874787469098
210 2100 0.1950133515485565 0.3692933784882789 0.8388562365334912 0.9542135661310781 0.1587346872462401 0.22095130202918808 0.32767369600004653 0.46800389632008776 0.49583564835974253 0.6649520486369583 1.2140559631130945 2.331874787469098
211 2110 0.20089290698127385 0.34946160235798174 0.8513206774516742 0.95612874044678 0.1587346872462401 0.22095130202918808 0.32767369600004653 0.46800389632008776 0.49583564835974253 0.6649520486369583 1.2140559631130945 2.331874787469098
212 2120 0.15877562061191966 0.32997809400298406 0.850294654935 0.9538372683161095 0.1587346872462401 0.22095130202918808 0.32767369600004653 0.46800389632008776 0.49583564835974253 0.6649520486369583 1.2140559631130945 2.331874787469098
213 2130 0.14171081700260652 0.37153409487277467 0.8484198061480204 0.9484756032394267 0.1587346872462401 0.22095130202918808 0.32767369600004653 0.46800389632008776 0.49583564835974253 0.6649520486369583 1.2140559631130945 2.331874787469098
214 2140 0.06643120832636949 0.32369526893093425 0.8421467634765918 0.9466787169192817 0.1587346872462401 0.22095130202918808 0.32767369600004653 0.46800389632008776 0.49583564835974253 0.6649520486369583 1.2140559631130945 2.331874787469098
215 2150 0.027397704978634835 0.2716225646607604 0.8566734782404419 0.9588769660357473 0.1587346872462401 0.22095130202918808 0.32767369600004653 0.46800389632008776 0.49583564835974253 0.6649520486369583 1.2140559631130945 2.331874787469098
216 2160 0.1034030156318047 0.30917148968750263 0.8765295975248268 0.9665602999423085 0.1587346872462401 0.22095130202918808 0.32767369600004653 0.46800389632008776 0.49583564835974253 0.6649520486369583 1.2140559631130945 2.331874787469098
217 2170 0.17145885693305205 0.3325059094774143 0.8884873127978288 0.9719988602925798 0.1231202383959747 0.20345800535647382 0.27418656207210557 0.43274677454776656 0.4849396613800629 0.6218694697949902 1.2391317902006984 2.350247327223832
218 2180 0.21448097229815605 0.3395281245853019 0.8930909437238268 0.9749486643972272 0.1231202383959747 0.20345800535647382 0.27418656207210557 0.43274677454776656 0.4849396613800629 0.6218694697949902 1.2391317902006984 2.350247327223832
219 2190 0.23159882626222403 0.3738224382181707 0.8881309014237262 0.977111186415273 0.1231202383959747 0.20345800535647382 0.27418656207210557 0.43274677454776656 0.4849396613800629 0.6218694697949902 1.2391317902006984 2.350247327223832
220 2200 0.24373814212550576 0.37553547174699387 0.8810511244770496 0.9769972318786687 0.1231202383959747 0.20345800535647382 0.27418656207210557 0.43274677454776656 0.4849396613800629 0.6218694697949902 1.2391317902006984 2.350247327223832
221 2210 0.27381035068593146 0.3447072987261056 0.8826549682963925 0.9807072784031905 0.1231202383959747 0.20345800535647382 0.27418656207210557 0.43274677454776656 0.4849396613800629 0.6218694697949902 1.2391317902006984 2.350247327223832
222 2220 0.19905093474298569 0.2937761547703754 0.8749902052865653 0.9809888605780801 0.1231202383959747 0.20345800535647382 0.27418656207210557 0.43274677454776656 0.4849396613800629 0.6218694697949902 1.2391317902006984 2.350247327223832
223 2230 0.13360219383538355 0.2703242235522103 0.8647783918200913 0.9777672131508099 0.1231202383959747 0.20345800535647382 0.27418656207210557 0.43274677454776656 0.4849396613800629 0.6218694697949902 1.2391317902006984 2.350247327223832
224 2240 0.13314642894811254 0.27837148089688896 0.8553212089005313 0.9755064769956836 0.1231202383959747 0.20345800535647382 0.27418656207210557 0.43274677454776656 0.4849396613800629 0.6218694697949902 1.2391317902006984 2.350247327223832
225 2250 0.14114683013522658 0.3269640712282298 0.8397801040044626 0.9728295401665243 0.13849806199284032 0.23809162263837547 0.2989961769055249 0.4778312743797766 0.5127532073847667 0.6713852978309311 1.2603715258711092 2.30308462120274
226 2260 0.12411065421671537 0.3120387520530073 0.8424481507280852 0.9767975896511149 0.13849806199284032 0.23809162263837547 0.2989961769055249 0.4778312743797766 0.5127532073847667 0.6713852978309311 1.2603715258711092 2.30308462120274
227 2270 0.20797614227680772 0.33643174515262736 0.8387540049370219 0.9746245201425329 0.13849806199284032 0.23809162263837547 0.2989961769055249 0.4778312743797766 0.5127532073847667 0.6713852978309311 1.2603715258711092 2.30308462120274
228 2280 0.15615219186098328 0.31631162965668425 0.8244822778979973 0.9736152797467013 0.13849806199284032 0.23809162263837547 0.2989961769055249 0.4778312743797766 0.5127532073847667 0.6713852978309311 1.2603715258711092 2.30308462120274
229 2290 0.19214817973493403 0.3065703782375711 0.8305464969988001 0.9766756807810502 0.13849806199284032 0.23809162263837547 0.2989961769055249 0.4778312743797766 0.5127532073847667 0.6713852978309311 1.2603715258711092 2.30308462120274
230 2300 0.20173902329531215 0.31839020972312526 0.8321967677396899 0.9767215606607758 0.13849806199284032 0.23809162263837547 0.2989961769055249 0.4778312743797766 0.5127532073847667 0.6713852978309311 1.2603715258711092 2.30308462120274
231 2310 0.14578895024924166 0.2825967459680973 0.8337628983246582 0.9755089537795751 0.13849806199284032 0.23809162263837547 0.2989961769055249 0.4778312743797766 0.5127532073847667 0.6713852978309311 1.2603715258711092 2.30308462120274
232 2320 0.16838247482969618 0.30035469899459766 0.8407440138739284 0.9770393675754676 0.13849806199284032 0.23809162263837547 0.2989961769055249 0.4778312743797766 0.5127532073847667 0.6713852978309311 1.2603715258711092 2.30308462120274
233 2330 0.3092701736352202 0.42112282857487304 0.8631788198477437 0.9803930070895427 0.1231657069577721 0.20471313292223403 0.2712976593104893 0.4445103915841922 0.5174332722062382 0.6799295706189705 1.1350301988845355 2.3776870839319995
234 2340 0.351051189971968 0.4713219533512307 0.8737406184711356 0.9820839340270575 0.1231657069577721 0.20471313292223403 0.2712976593104893 0.4445103915841922 0.5174332722062382 0.6799295706189705 1.1350301988845355 2.3776870839319995
235 2350 0.3651363579608024 0.4663896526704418 0.8696108697306961 0.9833507522851876 0.1231657069577721 0.20471313292223403 0.2712976593104893 0.4445103915841922 0.5174332722062382 0.6799295706189705 1.1350301988845355 2.3776870839319995
236 2360 0.33558561950422733 0.44980285807260295 0.860599445514752 0.9832915908842937 0.1231657069577721 0.20471313292223403 0.2712976593104893 0.4445103915841922 0.5174332722062382 0.6799295706189705 1.1350301988845355 2.3776870839319995
237 2370 0.2963240206234348 0.36292850217646233 0.8171641796840927 0.982036389362939 0.1231657069577721 0.20471313292223403 0.2712976593104893 0.4445103915841922 0.5174332722062382 0.6799295706189705 1.1350301988845355 2.3776870839319995
238 2380 0.30888354760764836 0.37230335238869117 0.8151127775014233 0.9857167101364511 0.1231657069577721 0.20471313292223403 0.2712976593104893 0.4445103915841922 0.5174332722062382 0.6799295706189705 1.1350301988845355 2.3776870839319995
239 2390 0.2916264148705465 0.37423580855997673 0.8033277588694603 0.9873005288162946 0.1231657069577721 0.20471313292223403 0.2712976593104893 0.4445103915841922 0.5174332722062382 0.6799295706189705 1.1350301988845355 2.3776870839319995
240 2400 0.24229639640838058 0.34020424024861357 0.7733122065339293 0.987234038253913 0.1231657069577721 0.20471313292223403 0.2712976593104893 0.4445103915841922 0.5174332722062382 0.6799295706189705 1.1350301988845355 2.3776870839319995
241 2410 0.25860178399313166 0.37563660953559735 0.7601855050994535 0.98757256583086 0.09841299532975528 0.18974334541415389 0.25244370693011536 0.4956169114480709 0.5332173350940606 0.8751821609774061 1.166899175967999 2.287581729452882
242 2420 0.2454980848190322 0.3849495365844965 0.7696609540968474 0.9879915993881262 0.09841299532975528 0.18974334541415389 0.25244370693011536 0.4956169114480709 0.5332173350940606 0.8751821609774061 1.166899175967999 2.287581729452882
243 2430 0.19653064256939692 0.42709873751600286 0.772172927939053 0.9886244050292547 0.09841299532975528 0.18974334541415389 0.25244370693011536 0.4956169114480709 0.5332173350940606 0.8751821609774061 1.166899175967999 2.287581729452882
244 2440 0.20918078671405815 0.48300319431811145 0.7922070030971695 0.9892215081594562 0.09841299532975528 0.18974334541415389 0.25244370693011536 0.4956169114480709 0.5332173350940606 0.8751821609774061 1.166899175967999 2.287581729452882
245 2450 0.24287240497154644 0.4811083578637374 0.7908428723050257 0.9910121310833163 0.09841299532975528 0.18974334541415389 0.25244370693011536 0.4956169114480709 0.5332173350940606 0.8751821609774061 1.166899175967999 2.287581729452882
246 2460 0.26158740779330203 0.5034741311329334 0.8011261714115148 0.9911679246974204 0.09841299532975528 0.18974334541415389 0.25244370693011536 0.4956169114480709 0.5332173350940606 0.8751821609774061 1.166899175967999 2.287581729452882
247 2470 0.2740527294767416 0.47427064178632794 0.8117367540827155 0.9913286217859774 0.09841299532975528 0.18974334541415389 0.25244370693011536 0.4956169114480709 0.5332173350940606 0.8751821609774061 1.166899175967999 2.287581729452882
248 2480 0.2288324950132933 0.4606080258498413 0.8020054038904192 0.9913699830327611 0.09841299532975528 0.18974334541415389 0.25244370693011536 0.4956169114480709 0.5332173350940606 0.8751821609774061 1.166899175967999 2.287581729452882
249 2490 0.22336214499479445 0.4488070757380284 0.8056553536758514 0.9911360899955604 0.08365113929672627 0.1378381451489963 0.2300469969820647 0.40912839211892754 0.5049550895857696 0.8964023289133353 1.1218051686310948 2.331680050184994
250 2500 0.22664793329889094 0.438146517886176 0.8025008153133346 0.990995402725089 0.08365113929672627 0.1378381451489963 0.2300469969820647 0.40912839211892754 0.5049550895857696 0.8964023289133353 1.1218051686310948 2.331680050184994
251 2510 0.2888921618794971 0.45224162374055704 0.8055992998088295 0.9913796899941895 0.08365113929672627 0.1378381451489963 0.2300469969820647 0.40912839211892754 0.5049550895857696 0.8964023289133353 1.1218051686310948 2.331680050184994
252 2520 0.28029104968852436 0.44439407471798953 0.8016155452822933 0.9916663120509854 0.08365113929672627 0.1378381451489963 0.2300469969820647 0.40912839211892754 0.5049550895857696 0.8964023289133353 1.1218051686310948 2.331680050184994
253 2530 0.28934710030007343 0.4767941457742888 0.8076629665206378 0.9915057986222766 0.08365113929672627 0.1378381451489963 0.2300469969820647 0.40912839211892754 0.5049550895857696 0.8964023289133353 1.1218051686310948 2.331680050184994
254 2540 0.2763354663119163 0.5093795328502606 0.8202411347733265 0.9920127873974031 0.08365113929672627 0.1378381451489963 0.2300469969820647 0.40912839211892754 0.5049550895857696 0.8964023289133353 1.1218051686310948 2.331680050184994
255 2550 0.2160076529877285 0.5452235238943123 0.8530175998329759 0.9935451060332511 0.08365113929672627 0.1378381451489963 0.2300469969820647 0.40912839211892754 0.5049550895857696 0.8964023289133353 1.1218051686310948 2.331680050184994
256 2560 0.17480737262541307 0.5263468534934561 0.8465758707712274 0.9936880915094668 0.08365113929672627 0.1378381451489963 0.2300469969820647 0.40912839211892754 0.5049550895857696 0.8964023289133353 1.1218051686310948 2.331680050184994
257 2570 0.16058878424397485 0.53884076056309 0.8596264561401386 0.9940483673395826 0.06799027750110452 0.10859100841373956 0.2169281884240788 0.3557415875011401 0.4985208020824681 0.7632789709096356 1.1182089918828666 2.3934214572399717
258 2580 0.1656441817414762 0.5507091647389518 0.8565848314493938 0.9947578022128358 0.06799027750110452 0.10859100841373956 0.2169281884240788 0.3557415875011401 0.4985208020824681 0.7632789709096356 1.1182089918828666 2.3934214572399717
259 2590 0.17743844802970646 0.5267825394069364 0.8519138098430264 0.9943579469724212 0.06799027750110452 0.10859100841373956 0.2169281884240788 0.3557415875011401 0.4985208020824681 0.7632789709096356 1.1182089918828666 2.3934214572399717
260 2600 0.16826274885476758 0.5221153501833571 0.8577042290917385 0.9947356329889143 0.06799027750110452 0.10859100841373956 0.2169281884240788 0.3557415875011401 0.4985208020824681 0.7632789709096356 1.1182089918828666 2.3934214572399717
261 2610 0.14069554480513616 0.5022935670890818 0.8734469652689417 0.9948112064850467 0.06799027750110452 0.10859100841373956 0.2169281884240788 0.3557415875011401 0.4985208020824681 0.7632789709096356 1.1182089918828666 2.3934214572399717
262 2620 0.10457079368996385 0.48473704709174076 0.8672043548513293 0.9949766203187254 0.06799027750110452 0.10859100841373956 0.2169281884240788 0.3557415875011401 0.4985208020824681 0.7632789709096356 1.1182089918828666 2.3934214572399717
263 2630 0.12134944557682849 0.47037416951695565 0.8535317938795949 0.9936154900994014 0.06799027750110452 0.10859100841373956 0.2169281884240788 0.3557415875011401 0.4985208020824681 0.7632789709096356 1.1182089918828666 2.3934214572399717
264 2640 0.059437684357515175 0.44938885399845163 0.8521391064941033 0.9937606470242553 0.06799027750110452 0.10859100841373956 0.2169281884240788 0.3557415875011401 0.4985208020824681 0.7632789709096356 1.1182089918828666 2.3934214572399717
265 2650 0.021975231067629802 0.4356371043042858 0.8565166115790537 0.99345265868819 0.06673067425191755 0.1162211661986581 0.23606634872220233 0.33900309473934703 0.5223053702586745 0.7147170804573212 1.2008776904771388 2.363399798175337
266 2660 0.020976651318457343 0.4421284054595867 0.8544343706022273 0.9939826930961871 0.06673067425191755 0.1162211661986581 0.23606634872220233 0.33900309473934703 0.5223053702586745 0.7147170804573212 1.2008776904771388 2.363399798175337
267 2670 0.030833318371184498 0.40635422280539163 0.8521585755498462 0.9940174951597918 0.06673067425191755 0.1162211661986581 0.23606634872220233 0.33900309473934703 0.5223053702586745 0.7147170804573212 1.2008776904771388 2.363399798175337
268 2680 0.021139838221664944 0.40661759259442054 0.8468953146774024 0.9940921847968162 0.06673067425191755 0.1162211661986581 0.23606634872220233 0.33900309473934703 0.5223053702586745 0.7147170804573212 1.2008776904771388 2.363399798175337
269 2690 0.03389385325980846 0.3854494658914766 0.8398060588374565 0.9941060110210095 0.06673067425191755 0.1162211661986581 0.23606634872220233 0.33900309473934703 0.5223053702586745 0.7147170804573212 1.2008776904771388 2.363399798175337
270 2700 0.035029115964550245 0.35230879073783444 0.8267590852547659 0.9946943344529862 0.06673067425191755 0.1162211661986581 0.23606634872220233 0.33900309473934703 0.5223053702586745 0.7147170804573212 1.2008776904771388 2.363399798175337
271 2710 0.03063087886878406 0.29644205625105197 0.8216413887732719 0.9950726547033362 0.06673067425191755 0.1162211661986581 0.23606634872220233 0.33900309473934703 0.5223053702586745 0.7147170804573212 1.2008776904771388 2.363399798175337
272 2720 0.04373000927071428 0.2918352791342325 0.8167455747300325 0.9946928920197668 0.06673067425191755 0.1162211661986581 0.23606634872220233 0.33900309473934703 0.5223053702586745 0.7147170804573212 1.2008776904771388 2.363399798175337
273 2730 0.04113420243707819 0.2666375902468495 0.8143453043236968 0.9938586535822241 0.06636196114087532 0.12502209406137285 0.23859202607095523 0.4032363935627562 0.5927414272941609 0.8141047858643536 1.2246013450581041 2.2905637659309597
274 2740 0.05271785159456808 0.21443987682604504 0.8070886406602433 0.993969525572485 0.06636196114087532 0.12502209406137285 0.23859202607095523 0.4032363935627562 0.5927414272941609 0.8141047858643536 1.2246013450581041 2.2905637659309597
275 2750 0.0037713128917781745 0.17949918185048774 0.8158244348346613 0.9939485956103349 0.06636196114087532 0.12502209406137285 0.23859202607095523 0.4032363935627562 0.5927414272941609 0.8141047858643536 1.2246013450581041 2.2905637659309597
276 2760 0.039358594458277434 0.18912134073125303 0.8118522158099907 0.993572695215874 0.06636196114087532 0.12502209406137285 0.23859202607095523 0.4032363935627562 0.5927414272941609 0.8141047858643536 1.2246013450581041 2.2905637659309597
277 2770 0.09185253714213626 0.214705585271735 0.8201682984305158 0.9936946331441617 0.06636196114087532 0.12502209406137285 0.23859202607095523 0.4032363935627562 0.5927414272941609 0.8141047858643536 1.2246013450581041 2.2905637659309597
278 2780 0.10531362254152397 0.1980226323999697 0.8070340351302623 0.993394922451963 0.06636196114087532 0.12502209406137285 0.23859202607095523 0.4032363935627562 0.5927414272941609 0.8141047858643536 1.2246013450581041 2.2905637659309597
279 2790 0.09299696120575254 0.19178775910370932 0.8061751054920248 0.9934515825756141 0.06636196114087532 0.12502209406137285 0.23859202607095523 0.4032363935627562 0.5927414272941609 0.8141047858643536 1.2246013450581041 2.2905637659309597
280 2800 0.14235456088333356 0.21439782311251518 0.7981017345472722 0.9936379009553136 0.06636196114087532 0.12502209406137285 0.23859202607095523 0.4032363935627562 0.5927414272941609 0.8141047858643536 1.2246013450581041 2.2905637659309597
281 2810 0.12821436139062486 0.20834196128059762 0.7769898194673518 0.9935072464119528 0.06722473404896752 0.12355387079618868 0.25932150542221016 0.46110861308631534 0.5586919727918181 0.8386126604816507 1.2648830637953692 2.2549965410279484
282 2820 0.14674758023862303 0.22038056140273726 0.7864858298550101 0.9938875414180365 0.06722473404896752 0.12355387079618868 0.25932150542221016 0.46110861308631534 0.5586919727918181 0.8386126604816507 1.2648830637953692 2.2549965410279484
283 2830 0.11391255834814393 0.22009791925657476 0.7862913027737588 0.9939536009607994 0.06722473404896752 0.12355387079618868 0.25932150542221016 0.46110861308631534 0.5586919727918181 0.8386126604816507 1.2648830637953692 2.2549965410279484
284 2840 0.11430523730087197 0.19251717953601588 0.7847777946430965 0.9946698278308127 0.06722473404896752 0.12355387079618868 0.25932150542221016 0.46110861308631534 0.5586919727918181 0.8386126604816507 1.2648830637953692 2.2549965410279484
285 2850 0.11490829130457 0.19203168659909858 0.7859249889382316 0.9948622727729068 0.06722473404896752 0.12355387079618868 0.25932150542221016 0.46110861308631534 0.5586919727918181 0.8386126604816507 1.2648830637953692 2.2549965410279484
286 2860 0.13738134369291974 0.2224971099460622 0.7921983119938141 0.9949757678169981 0.06722473404896752 0.12355387079618868 0.25932150542221016 0.46110861308631534 0.5586919727918181 0.8386126604816507 1.2648830637953692 2.2549965410279484
287 2870 0.09570384439307107 0.18139051769973663 0.7866542807291802 0.995352013268154 0.06722473404896752 0.12355387079618868 0.25932150542221016 0.46110861308631534 0.5586919727918181 0.8386126604816507 1.2648830637953692 2.2549965410279484
288 2880 0.1376370698961643 0.24716555846996724 0.7917458459738991 0.9957618316279752 0.06722473404896752 0.12355387079618868 0.25932150542221016 0.46110861308631534 0.5586919727918181 0.8386126604816507 1.2648830637953692 2.2549965410279484
289 2890 0.1583613899066741 0.2687711100910807 0.7875656911294657 0.9958420853007952 0.05464855463274672 0.105336468540466 0.2707503284782516 0.4816279818988103 0.5748775145702301 0.8185941162299264 1.2417565282340755 2.2667392331841634
290 2900 0.1940829136176673 0.299298012582378 0.812794873276576 0.9961444518432006 0.05464855463274672 0.105336468540466 0.2707503284782516 0.4816279818988103 0.5748775145702301 0.8185941162299264 1.2417565282340755 2.2667392331841634
291 2910 0.22262066456031698 0.2842692972466922 0.8037007627793258 0.9959988652224102 0.05464855463274672 0.105336468540466 0.2707503284782516 0.4816279818988103 0.5748775145702301 0.8185941162299264 1.2417565282340755 2.2667392331841634
292 2920 0.22538016176275252 0.3100417545777121 0.8078610756657076 0.9955774568777984 0.05464855463274672 0.105336468540466 0.2707503284782516 0.4816279818988103 0.5748775145702301 0.8185941162299264 1.2417565282340755 2.2667392331841634
293 2930 0.21499225063712635 0.30618951983161424 0.7967920177138167 0.9953476937376521 0.05464855463274672 0.105336468540466 0.2707503284782516 0.4816279818988103 0.5748775145702301 0.8185941162299264 1.2417565282340755 2.2667392331841634
294 2940 0.19908021332385742 0.2979080633245963 0.8005963804482334 0.9954519116541226 0.05464855463274672 0.105336468540466 0.2707503284782516 0.4816279818988103 0.5748775145702301 0.8185941162299264 1.2417565282340755 2.2667392331841634
295 2950 0.23233956448413653 0.3400943976081139 0.7982363981423487 0.9952365261403775 0.05464855463274672 0.105336468540466 0.2707503284782516 0.4816279818988103 0.5748775145702301 0.8185941162299264 1.2417565282340755 2.2667392331841634
296 2960 0.25058808389081666 0.3549738887481867 0.8112957246164456 0.9955551046557664 0.05464855463274672 0.105336468540466 0.2707503284782516 0.4816279818988103 0.5748775145702301 0.8185941162299264 1.2417565282340755 2.2667392331841634
297 2970 0.21423774975457252 0.3215119838970526 0.8123598975525157 0.9953347150240482 0.0594957665157599 0.10829511047037405 0.2680550270271431 0.4502045618652777 0.5223711212085808 0.6926684233844733 1.2659016789794755 2.314093037003133
298 2980 0.23432379110796553 0.34312489209130037 0.8192626011394374 0.9958274196900916 0.0594957665157599 0.10829511047037405 0.2680550270271431 0.4502045618652777 0.5223711212085808 0.6926684233844733 1.2659016789794755 2.314093037003133
299 2990 0.2351835880248414 0.3821706665783805 0.8153040696480768 0.9959512638741612 0.0594957665157599 0.10829511047037405 0.2680550270271431 0.4502045618652777 0.5223711212085808 0.6926684233844733 1.2659016789794755 2.314093037003133
300 3000 0.22894300047803948 0.3767053628470393 0.8193916272276489 0.9960658108931688 0.0594957665157599 0.10829511047037405 0.2680550270271431 0.4502045618652777 0.5223711212085808 0.6926684233844733 1.2659016789794755 2.314093037003133
301 3010 0.22864027698974887 0.37662530261110894 0.8274677880130874 0.9959663512643825 0.0594957665157599 0.10829511047037405 0.2680550270271431 0.4502045618652777 0.5223711212085808 0.6926684233844733 1.2659016789794755 2.314093037003133
302 3020 0.2566749423350253 0.407168240511104 0.8244795536810998 0.9953562091157422 0.0594957665157599 0.10829511047037405 0.2680550270271431 0.4502045618652777 0.5223711212085808 0.6926684233844733 1.2659016789794755 2.314093037003133
303 3030 0.25228655058330923 0.42179297225317686 0.8036680302663695 0.9950598275189991 0.0594957665157599 0.10829511047037405 0.2680550270271431 0.4502045618652777 0.5223711212085808 0.6926684233844733 1.2659016789794755 2.314093037003133
304 3040 0.2840241713499045 0.4219231869528688 0.7845036774713599 0.9942627638423963 0.0594957665157599 0.10829511047037405 0.2680550270271431 0.4502045618652777 0.5223711212085808 0.6926684233844733 1.2659016789794755 2.314093037003133
305 3050 0.369339708398149 0.4638910496150537 0.8148883520397306 0.99454446512695 0.060488712177638564 0.12143672192925928 0.27682398247911955 0.43842596174154336 0.4780812537624143 0.6352699883369357 1.1378158655149255 2.4054086575805447
306 3060 0.36531739394310236 0.45689267716637305 0.8071097472058868 0.9941831129742019 0.060488712177638564 0.12143672192925928 0.27682398247911955 0.43842596174154336 0.4780812537624143 0.6352699883369357 1.1378158655149255 2.4054086575805447
307 3070 0.3378857759751667 0.4218697016840023 0.7947608704827396 0.9942284358732654 0.060488712177638564 0.12143672192925928 0.27682398247911955 0.43842596174154336 0.4780812537624143 0.6352699883369357 1.1378158655149255 2.4054086575805447
308 3080 0.3632066734342752 0.4412168064527858 0.8137916752756955 0.9948745972928013 0.060488712177638564 0.12143672192925928 0.27682398247911955 0.43842596174154336 0.4780812537624143 0.6352699883369357 1.1378158655149255 2.4054086575805447
309 3090 0.324627612278746 0.39572100410330896 0.8285651460366246 0.9950935052958017 0.060488712177638564 0.12143672192925928 0.27682398247911955 0.43842596174154336 0.4780812537624143 0.6352699883369357 1.1378158655149255 2.4054086575805447
310 3100 0.3277424418404485 0.40084646166147947 0.8366416108347791 0.9951587924506579 0.060488712177638564 0.12143672192925928 0.27682398247911955 0.43842596174154336 0.4780812537624143 0.6352699883369357 1.1378158655149255 2.4054086575805447
311 3110 0.33185220423548456 0.4065247717527171 0.8382834810714523 0.9951615594044667 0.060488712177638564 0.12143672192925928 0.27682398247911955 0.43842596174154336 0.4780812537624143 0.6352699883369357 1.1378158655149255 2.4054086575805447
312 3120 0.30592924444129593 0.3750041756428078 0.8343750048244187 0.9953609397162997 0.060488712177638564 0.12143672192925928 0.27682398247911955 0.43842596174154336 0.4780812537624143 0.6352699883369357 1.1378158655149255 2.4054086575805447
313 3130 0.2845823023196311 0.37682825340488 0.829063341380563 0.9950971920533538 0.04965879063415118 0.12403087072657422 0.2532838111044303 0.4015396076462641 0.5411993681748116 0.6438764640377261 1.1831768601019967 2.3768429613266213
314 3140 0.2751598539106421 0.3696072348167063 0.8266705185560397 0.9952212491601882 0.04965879063415118 0.12403087072657422 0.2532838111044303 0.4015396076462641 0.5411993681748116 0.6438764640377261 1.1831768601019967 2.3768429613266213
315 3150 0.2629491772256691 0.36635983205248424 0.8435174660424574 0.9954311583623132 0.04965879063415118 0.12403087072657422 0.2532838111044303 0.4015396076462641 0.5411993681748116 0.6438764640377261 1.1831768601019967 2.3768429613266213
316 3160 0.2648798713947146 0.3677459882424914 0.8479440481955162 0.9954332610681719 0.04965879063415118 0.12403087072657422 0.2532838111044303 0.4015396076462641 0.5411993681748116 0.6438764640377261 1.1831768601019967 2.3768429613266213
317 3170 0.29587575776109937 0.38013916615523635 0.8558649518328351 0.9954091483160465 0.04965879063415118 0.12403087072657422 0.2532838111044303 0.4015396076462641 0.5411993681748116 0.6438764640377261 1.1831768601019967 2.3768429613266213
318 3180 0.3069326018270089 0.4259624970242222 0.8580092725474939 0.9951373648947356 0.04965879063415118 0.12403087072657422 0.2532838111044303 0.4015396076462641 0.5411993681748116 0.6438764640377261 1.1831768601019967 2.3768429613266213
319 3190 0.2478339408569547 0.37860272436782216 0.8353897870053972 0.9941549966109932 0.04965879063415118 0.12403087072657422 0.2532838111044303 0.4015396076462641 0.5411993681748116 0.6438764640377261 1.1831768601019967 2.3768429613266213
320 3200 0.22968427239369058 0.38543958413224166 0.8371066637530313 0.994878939249308 0.04965879063415118 0.12403087072657422 0.2532838111044303 0.4015396076462641 0.5411993681748116 0.6438764640377261 1.1831768601019967 2.3768429613266213
321 3210 0.27314042756097917 0.40008502926624134 0.8526322861925439 0.9954088641349337 0.05302156913184058 0.1214571681122622 0.2435485483345772 0.412069956793932 0.5331075665656625 0.6875414586597444 1.1604806080146335 2.3769070550506113
322 3220 0.3076177150644639 0.41730187975923283 0.8510119935908949 0.9956284911038885 0.05302156913184058 0.1214571681122622 0.2435485483345772 0.412069956793932 0.5331075665656625 0.6875414586597444 1.1604806080146335 2.3769070550506113
323 3230 0.37698639544576734 0.46095656930727047 0.8502363624668299 0.9957860335389913 0.05302156913184058 0.1214571681122622 0.2435485483345772 0.412069956793932 0.5331075665656625 0.6875414586597444 1.1604806080146335 2.3769070550506113
324 3240 0.38902955652673804 0.4413171458039181 0.8532851166892079 0.9958952103916259 0.05302156913184058 0.1214571681122622 0.2435485483345772 0.412069956793932 0.5331075665656625 0.6875414586597444 1.1604806080146335 2.3769070550506113
325 3250 0.42122596766850584 0.45942511321603025 0.8495807627700138 0.9961824385747177 0.05302156913184058 0.1214571681122622 0.2435485483345772 0.412069956793932 0.5331075665656625 0.6875414586597444 1.1604806080146335 2.3769070550506113
326 3260 0.4112607024501233 0.4594342600983681 0.8594808944932031 0.9967877140140418 0.05302156913184058 0.1214571681122622 0.2435485483345772 0.412069956793932 0.5331075665656625 0.6875414586597444 1.1604806080146335 2.3769070550506113
327 3270 0.3888825340647308 0.41556687728181374 0.8632432149258147 0.9972318349108535 0.05302156913184058 0.1214571681122622 0.2435485483345772 0.412069956793932 0.5331075665656625 0.6875414586597444 1.1604806080146335 2.3769070550506113
328 3280 0.3936490354967646 0.4156741939368557 0.8795134967991356 0.9973617865608105 0.05302156913184058 0.1214571681122622 0.2435485483345772 0.412069956793932 0.5331075665656625 0.6875414586597444 1.1604806080146335 2.3769070550506113
329 3290 0.39437369664052063 0.4222134039354358 0.8860439497427639 0.9974622146183608 0.03929404304308349 0.11211355067939797 0.20652749395315445 0.36716765950111063 0.5251212979659573 0.732072440142556 1.05525584156096 2.425525408576672
330 3300 0.3664190042783068 0.44376081233045217 0.8926250213141069 0.9976480849859212 0.03929404304308349 0.11211355067939797 0.20652749395315445 0.36716765950111063 0.5251212979659573 0.732072440142556 1.05525584156096 2.425525408576672
331 3310 0.2997764687640302 0.42441948551711506 0.8894617871901918 0.9975373891052406 0.03929404304308349 0.11211355067939797 0.20652749395315445 0.36716765950111063 0.5251212979659573 0.732072440142556 1.05525584156096 2.425525408576672
332 3320 0.2659034339396853 0.43389642685970786 0.8972771928233314 0.9975901923428093 0.03929404304308349 0.11211355067939797 0.20652749395315445 0.36716765950111063 0.5251212979659573 0.732072440142556 1.05525584156096 2.425525408576672
333 3330 0.20010260740627675 0.41763776508559053 0.8906282649828081 0.9973352927990873 0.03929404304308349 0.11211355067939797 0.20652749395315445 0.36716765950111063 0.5251212979659573 0.732072440142556 1.05525584156096 2.425525408576672
334 3340 0.23186603039788775 0.3970357492220176 0.8928717649980449 0.9978051913638342 0.03929404304308349 0.11211355067939797 0.20652749395315445 0.36716765950111063 0.5251212979659573 0.732072440142556 1.05525584156096 2.425525408576672
335 3350 0.2348852960888105 0.4000197238317216 0.8870223441196401 0.9976671642917171 0.03929404304308349 0.11211355067939797 0.20652749395315445 0.36716765950111063 0.5251212979659573 0.732072440142556 1.05525584156096 2.425525408576672
336 3360 0.1379438885058773 0.39865752029100765 0.9001924856922853 0.9977734327555363 0.03929404304308349 0.11211355067939797 0.20652749395315445 0.36716765950111063 0.5251212979659573 0.732072440142556 1.05525584156096 2.425525408576672
337 3370 0.17092631876982947 0.40878137246236534 0.8974462463783603 0.9976608560148881 0.03780342609979731 0.11148154703767225 0.19293890787416262 0.36528972447427716 0.5665130880498093 0.8227838898377233 1.0510606141251702 2.390155212071724
338 3380 0.1348524956323795 0.3823496019487513 0.901133669354336 0.99777842336012 0.03780342609979731 0.11148154703767225 0.19293890787416262 0.36528972447427716 0.5665130880498093 0.8227838898377233 1.0510606141251702 2.390155212071724
339 3390 0.15037880506181467 0.3699878826992462 0.9150592344976384 0.9982442605364206 0.03780342609979731 0.11148154703767225 0.19293890787416262 0.36528972447427716 0.5665130880498093 0.8227838898377233 1.0510606141251702 2.390155212071724
340 3400 0.09821491305286163 0.340861711739609 0.9202591760139107 0.9984516119560171 0.03780342609979731 0.11148154703767225 0.19293890787416262 0.36528972447427716 0.5665130880498093 0.8227838898377233 1.0510606141251702 2.390155212071724
341 3410 0.0769714016667513 0.3277260785424009 0.9212099775485649 0.998634042314492 0.03780342609979731 0.11148154703767225 0.19293890787416262 0.36528972447427716 0.5665130880498093 0.8227838898377233 1.0510606141251702 2.390155212071724
342 3420 0.05991810909926269 0.3043241120621857 0.9235555357110079 0.9986991670078702 0.03780342609979731 0.11148154703767225 0.19293890787416262 0.36528972447427716 0.5665130880498093 0.8227838898377233 1.0510606141251702 2.390155212071724
343 3430 0.03568785649371714 0.3126526245667823 0.9259086989963277 0.9987386078230753 0.03780342609979731 0.11148154703767225 0.19293890787416262 0.36528972447427716 0.5665130880498093 0.8227838898377233 1.0510606141251702 2.390155212071724
344 3440 0.06557424280471998 0.3380558577400323 0.9304116474114486 0.9987970351452108 0.03780342609979731 0.11148154703767225 0.19293890787416262 0.36528972447427716 0.5665130880498093 0.8227838898377233 1.0510606141251702 2.390155212071724
345 3450 0.06814227188604023 0.33532863172375443 0.9329103339114562 0.9988552523384825 0.029181048907698414 0.08566767211812698 0.15328359512444323 0.32020667957289567 0.5719159524304052 0.8094748168383896 1.0987004118541281 2.3824989837170505
346 3460 0.06310804897832491 0.3368861363338683 0.9342983957926675 0.9988553726308043 0.029181048907698414 0.08566767211812698 0.15328359512444323 0.32020667957289567 0.5719159524304052 0.8094748168383896 1.0987004118541281 2.3824989837170505
347 3470 0.05125736579475796 0.3318914617022354 0.9280578684476248 0.9988430243808407 0.029181048907698414 0.08566767211812698 0.15328359512444323 0.32020667957289567 0.5719159524304052 0.8094748168383896 1.0987004118541281 2.3824989837170505
348 3480 0.046595156193435266 0.30498641219100897 0.9309587570610545 0.998864726127519 0.029181048907698414 0.08566767211812698 0.15328359512444323 0.32020667957289567 0.5719159524304052 0.8094748168383896 1.0987004118541281 2.3824989837170505
349 3490 0.07891272866673632 0.30467830726163136 0.9339093204248281 0.9988872466305774 0.029181048907698414 0.08566767211812698 0.15328359512444323 0.32020667957289567 0.5719159524304052 0.8094748168383896 1.0987004118541281 2.3824989837170505
350 3500 0.09124808847313476 0.33156923730088195 0.9375858966006873 0.9989371087317418 0.029181048907698414 0.08566767211812698 0.15328359512444323 0.32020667957289567 0.5719159524304052 0.8094748168383896 1.0987004118541281 2.3824989837170505
351 3510 0.09383347598689763 0.32596810864961034 0.937181648155097 0.9989855366460019 0.029181048907698414 0.08566767211812698 0.15328359512444323 0.32020667957289567 0.5719159524304052 0.8094748168383896 1.0987004118541281 2.3824989837170505
352 3520 0.15691378832900524 0.3446777450755735 0.9301895041046874 0.9988838285073386 0.029181048907698414 0.08566767211812698 0.15328359512444323 0.32020667957289567 0.5719159524304052 0.8094748168383896 1.0987004118541281 2.3824989837170505
353 3530 0.10781904497729412 0.35443571937168616 0.932405936648591 0.9988523992181391 0.029752700348221594 0.08110042445504731 0.15454163734876508 0.310657978662794 0.581162994629999 0.7251599061704141 1.139719378714691 2.389472415101651
354 3540 0.08942363979746798 0.32517518984371996 0.9107106048563498 0.9988404175660024 0.029752700348221594 0.08110042445504731 0.15454163734876508 0.310657978662794 0.581162994629999 0.7251599061704141 1.139719378714691 2.389472415101651
355 3550 0.1085815874216447 0.37224589947468456 0.9143282310383327 0.9988430882523799 0.029752700348221594 0.08110042445504731 0.15454163734876508 0.310657978662794 0.581162994629999 0.7251599061704141 1.139719378714691 2.389472415101651
356 3560 0.10355050239077153 0.3825596140795802 0.9202190542602368 0.9988757093451154 0.029752700348221594 0.08110042445504731 0.15454163734876508 0.310657978662794 0.581162994629999 0.7251599061704141 1.139719378714691 2.389472415101651
357 3570 0.1254224623892421 0.3783747858912899 0.9165664173094905 0.9989492718035381 0.029752700348221594 0.08110042445504731 0.15454163734876508 0.310657978662794 0.581162994629999 0.7251599061704141 1.139719378714691 2.389472415101651
358 3580 0.13190510949095713 0.3875932463985391 0.9226618867667864 0.9990368707571232 0.029752700348221594 0.08110042445504731 0.15454163734876508 0.310657978662794 0.581162994629999 0.7251599061704141 1.139719378714691 2.389472415101651
359 3590 0.18751923074331545 0.4252766847165582 0.9235729103675767 0.9990141776874748 0.029752700348221594 0.08110042445504731 0.15454163734876508 0.310657978662794 0.581162994629999 0.7251599061704141 1.139719378714691 2.389472415101651
360 3600 0.1745966355859628 0.42729388035759086 0.9293815348806336 0.9990483281078487 0.029752700348221594 0.08110042445504731 0.15454163734876508 0.310657978662794 0.581162994629999 0.7251599061704141 1.139719378714691 2.389472415101651
361 3610 0.23407329019170922 0.4272312893281689 0.9217139823986606 0.9989024322417994 0.029307964304692895 0.07140412283158601 0.15885033070707746 0.2967041933764446 0.5380277402666298 0.6716799348901302 1.103835041749193 2.4334535345706074
362 3620 0.25219317876260117 0.4585053475046876 0.9251575967893463 0.9988471821152974 0.029307964304692895 0.07140412283158601 0.15885033070707746 0.2967041933764446 0.5380277402666298 0.6716799348901302 1.103835041749193 2.4334535345706074
363 3630 0.2702540972221903 0.47751008944489565 0.9326424316991588 0.9988167295803989 0.029307964304692895 0.07140412283158601 0.15885033070707746 0.2967041933764446 0.5380277402666298 0.6716799348901302 1.103835041749193 2.4334535345706074
364 3640 0.2617172768608956 0.44587559900435475 0.9252577085200304 0.9986619575305509 0.029307964304692895 0.07140412283158601 0.15885033070707746 0.2967041933764446 0.5380277402666298 0.6716799348901302 1.103835041749193 2.4334535345706074
365 3650 0.2353927535368585 0.4320171557617369 0.9297886244482296 0.9986457801131683 0.029307964304692895 0.07140412283158601 0.15885033070707746 0.2967041933764446 0.5380277402666298 0.6716799348901302 1.103835041749193 2.4334535345706074
366 3660 0.21412821968942333 0.4603141927936161 0.9238018890393661 0.9984505054899278 0.029307964304692895 0.07140412283158601 0.15885033070707746 0.2967041933764446 0.5380277402666298 0.6716799348901302 1.103835041749193 2.4334535345706074
367 3670 0.2075436266082233 0.4569269861307321 0.9288984162236041 0.9984758087743286 0.029307964304692895 0.07140412283158601 0.15885033070707746 0.2967041933764446 0.5380277402666298 0.6716799348901302 1.103835041749193 2.4334535345706074
368 3680 0.24298769676136134 0.4718753804721636 0.9350077076330958 0.9984877516858459 0.029307964304692895 0.07140412283158601 0.15885033070707746 0.2967041933764446 0.5380277402666298 0.6716799348901302 1.103835041749193 2.4334535345706074
369 3690 0.20863395426005588 0.42148709081101576 0.9346026933270684 0.9986028392277997 0.03357148602520109 0.07327778638022603 0.15608599283683 0.28939612206655835 0.4953040379384465 0.6455738098945234 1.1447958762835164 2.4316128672851365
370 3700 0.16748977602123236 0.41923784122315644 0.9338644006765624 0.9985654104400633 0.03357148602520109 0.07327778638022603 0.15608599283683 0.28939612206655835 0.4953040379384465 0.6455738098945234 1.1447958762835164 2.4316128672851365
371 3710 0.2100749649131838 0.460434267749393 0.9375237644568828 0.9986527643011387 0.03357148602520109 0.07327778638022603 0.15608599283683 0.28939612206655835 0.4953040379384465 0.6455738098945234 1.1447958762835164 2.4316128672851365
372 3720 0.18803519093116 0.4463382524077888 0.9328024180446233 0.9985862225434389 0.03357148602520109 0.07327778638022603 0.15608599283683 0.28939612206655835 0.4953040379384465 0.6455738098945234 1.1447958762835164 2.4316128672851365
373 3730 0.20306138794240824 0.4439597671367316 0.9314721994423374 0.9986616937561112 0.03357148602520109 0.07327778638022603 0.15608599283683 0.28939612206655835 0.4953040379384465 0.6455738098945234 1.1447958762835164 2.4316128672851365
374 3740 0.19655172312908023 0.4200372761810353 0.9266988476070139 0.9986191003752659 0.03357148602520109 0.07327778638022603 0.15608599283683 0.28939612206655835 0.4953040379384465 0.6455738098945234 1.1447958762835164 2.4316128672851365
375 3750 0.2761396068321674 0.4311758055412178 0.925314698365723 0.9985883000270318 0.03357148602520109 0.07327778638022603 0.15608599283683 0.28939612206655835 0.4953040379384465 0.6455738098945234 1.1447958762835164 2.4316128672851365
376 3760 0.24442799694651207 0.43499502218085867 0.9309077220554562 0.9985845859413914 0.03357148602520109 0.07327778638022603 0.15608599283683 0.28939612206655835 0.4953040379384465 0.6455738098945234 1.1447958762835164 2.4316128672851365
377 3770 0.30876230522244824 0.43676804562245497 0.9200897176081244 0.9983837679836954 0.03471232583737098 0.06770682049388815 0.1691050692054726 0.32868775835717584 0.45594727120087863 0.6755792509357607 1.1128170032147864 2.4402708359758605
378 3780 0.2943912063210616 0.4177875050936549 0.9121166521928036 0.9982829167562411 0.03471232583737098 0.06770682049388815 0.1691050692054726 0.32868775835717584 0.45594727120087863 0.6755792509357607 1.1128170032147864 2.4402708359758605
379 3790 0.2973790522811744 0.40764612472176764 0.9138147705209615 0.9983077351811971 0.03471232583737098 0.06770682049388815 0.1691050692054726 0.32868775835717584 0.45594727120087863 0.6755792509357607 1.1128170032147864 2.4402708359758605
380 3800 0.28087007740092607 0.3983720607875716 0.900383060695524 0.9981666339042303 0.03471232583737098 0.06770682049388815 0.1691050692054726 0.32868775835717584 0.45594727120087863 0.6755792509357607 1.1128170032147864 2.4402708359758605
381 3810 0.3209251236414311 0.40665720120460047 0.9024836927240942 0.9982095699698328 0.03471232583737098 0.06770682049388815 0.1691050692054726 0.32868775835717584 0.45594727120087863 0.6755792509357607 1.1128170032147864 2.4402708359758605
382 3820 0.27168827647358906 0.37140529393415955 0.8976638523581876 0.9982303352721694 0.03471232583737098 0.06770682049388815 0.1691050692054726 0.32868775835717584 0.45594727120087863 0.6755792509357607 1.1128170032147864 2.4402708359758605
383 3830 0.2803369136433298 0.383734946986792 0.9076882850929049 0.9981964354620045 0.03471232583737098 0.06770682049388815 0.1691050692054726 0.32868775835717584 0.45594727120087863 0.6755792509357607 1.1128170032147864 2.4402708359758605
384 3840 0.2834346931188827 0.4394150966286286 0.9216036996738775 0.9982156974088989 0.03471232583737098 0.06770682049388815 0.1691050692054726 0.32868775835717584 0.45594727120087863 0.6755792509357607 1.1128170032147864 2.4402708359758605
385 3850 0.27170164013753634 0.4357475672606502 0.9163074248636474 0.9982284184107861 0.03646278058956647 0.06725750206266604 0.17273477129742407 0.3479810651741474 0.5302408825321901 0.713247223234405 1.0943418796564275 2.4198672745799503
386 3860 0.2925673517971341 0.43320505930668063 0.9196230611207958 0.9982164204960943 0.03646278058956647 0.06725750206266604 0.17273477129742407 0.3479810651741474 0.5302408825321901 0.713247223234405 1.0943418796564275 2.4198672745799503
387 3870 0.2840466260517534 0.3974917214315071 0.9116420719398353 0.9978852563988557 0.03646278058956647 0.06725750206266604 0.17273477129742407 0.3479810651741474 0.5302408825321901 0.713247223234405 1.0943418796564275 2.4198672745799503
388 3880 0.24160481012653306 0.3639655653464446 0.9026083144462189 0.9977918998912383 0.03646278058956647 0.06725750206266604 0.17273477129742407 0.3479810651741474 0.5302408825321901 0.713247223234405 1.0943418796564275 2.4198672745799503
389 3890 0.25019150339433266 0.385960451898928 0.9027295657439988 0.9978150960467449 0.03646278058956647 0.06725750206266604 0.17273477129742407 0.3479810651741474 0.5302408825321901 0.713247223234405 1.0943418796564275 2.4198672745799503
390 3900 0.2955555153194317 0.410546111831682 0.898581327404037 0.997877860758754 0.03646278058956647 0.06725750206266604 0.17273477129742407 0.3479810651741474 0.5302408825321901 0.713247223234405 1.0943418796564275 2.4198672745799503
391 3910 0.29308475741772033 0.42745731442864415 0.8982045732133739 0.9977727036974158 0.03646278058956647 0.06725750206266604 0.17273477129742407 0.3479810651741474 0.5302408825321901 0.713247223234405 1.0943418796564275 2.4198672745799503
392 3920 0.28929042305365454 0.40929152326365936 0.8944299164124914 0.9977284488239572 0.03646278058956647 0.06725750206266604 0.17273477129742407 0.3479810651741474 0.5302408825321901 0.713247223234405 1.0943418796564275 2.4198672745799503
393 3930 0.2996718986419363 0.4105627015523622 0.893051077845489 0.9979629798766725 0.04165976188219512 0.07302800111890127 0.21126133978281675 0.41500919341805503 0.5020397773981857 0.7792044474122906 1.080444718314672 2.3978121470817895
394 3940 0.2833208004868387 0.44242630747132217 0.8946656317160697 0.9982440552674801 0.04165976188219512 0.07302800111890127 0.21126133978281675 0.41500919341805503 0.5020397773981857 0.7792044474122906 1.080444718314672 2.3978121470817895
395 3950 0.27930165685008135 0.4319075846539969 0.9070340094616299 0.998312687201164 0.04165976188219512 0.07302800111890127 0.21126133978281675 0.41500919341805503 0.5020397773981857 0.7792044474122906 1.080444718314672 2.3978121470817895
396 3960 0.20462379746745699 0.3899097395302582 0.8976810520164186 0.9980356428552103 0.04165976188219512 0.07302800111890127 0.21126133978281675 0.41500919341805503 0.5020397773981857 0.7792044474122906 1.080444718314672 2.3978121470817895
397 3970 0.21639687271564093 0.37608747906585716 0.9090309922620705 0.9979157256951315 0.04165976188219512 0.07302800111890127 0.21126133978281675 0.41500919341805503 0.5020397773981857 0.7792044474122906 1.080444718314672 2.3978121470817895
398 3980 0.24996745901331852 0.38462809611527804 0.9033562496924861 0.9979567077974014 0.04165976188219512 0.07302800111890127 0.21126133978281675 0.41500919341805503 0.5020397773981857 0.7792044474122906 1.080444718314672 2.3978121470817895
399 3990 0.16356967822681845 0.32978759353670417 0.8980746851716799 0.997961594088906 0.04165976188219512 0.07302800111890127 0.21126133978281675 0.41500919341805503 0.5020397773981857 0.7792044474122906 1.080444718314672 2.3978121470817895
400 4000 0.22291211383226836 0.3769678096104307 0.9040441361386065 0.9981084360577691 0.04165976188219512 0.07302800111890127 0.21126133978281675 0.41500919341805503 0.5020397773981857 0.7792044474122906 1.080444718314672 2.3978121470817895
401 4010 0.22473830256085114 0.37076671906015535 0.903124066751303 0.9978991370374026 0.04192870700360223 0.0801237984223577 0.22691795311670773 0.3745515921814199 0.5169437973607796 0.831540637714303 1.0958934516554006 2.374945963305647
402 4020 0.28435573657036906 0.4020606686976117 0.9102833528127549 0.9982087222899523 0.04192870700360223 0.0801237984223577 0.22691795311670773 0.3745515921814199 0.5169437973607796 0.831540637714303 1.0958934516554006 2.374945963305647
403 4030 0.28004122167440937 0.437544514478095 0.9108658938610918 0.998134967862548 0.04192870700360223 0.0801237984223577 0.22691795311670773 0.3745515921814199 0.5169437973607796 0.831540637714303 1.0958934516554006 2.374945963305647
404 4040 0.3052289309002359 0.43532173954495357 0.9101775754962638 0.9981088241659363 0.04192870700360223 0.0801237984223577 0.22691795311670773 0.3745515921814199 0.5169437973607796 0.831540637714303 1.0958934516554006 2.374945963305647
405 4050 0.29603353462530785 0.43446915753462956 0.8970551973212151 0.9980196069809036 0.04192870700360223 0.0801237984223577 0.22691795311670773 0.3745515921814199 0.5169437973607796 0.831540637714303 1.0958934516554006 2.374945963305647
406 4060 0.3297031900099226 0.45468749911787354 0.8979391299503794 0.9980125350990021 0.04192870700360223 0.0801237984223577 0.22691795311670773 0.3745515921814199 0.5169437973607796 0.831540637714303 1.0958934516554006 2.374945963305647
407 4070 0.32879460380462516 0.4145461031621833 0.8958764435275263 0.9980591185053141 0.04192870700360223 0.0801237984223577 0.22691795311670773 0.3745515921814199 0.5169437973607796 0.831540637714303 1.0958934516554006 2.374945963305647
408 4080 0.3101374896830049 0.37420686517333324 0.891015742339381 0.9979680969075396 0.04192870700360223 0.0801237984223577 0.22691795311670773 0.3745515921814199 0.5169437973607796 0.831540637714303 1.0958934516554006 2.374945963305647
409 4090 0.2881741021697332 0.3529820499191221 0.8918041150599731 0.9978973128255444 0.04018245759457788 0.06954035957506394 0.21517183530585635 0.3621341503294065 0.48143318902669335 0.7780774450386492 1.1464267890431659 2.3800488730986245
410 4100 0.2885344863429747 0.35745952615215676 0.8820333624244088 0.9980572863143711 0.04018245759457788 0.06954035957506394 0.21517183530585635 0.3621341503294065 0.48143318902669335 0.7780774450386492 1.1464267890431659 2.3800488730986245
411 4110 0.22370064949758453 0.33462091329651844 0.8778266597217561 0.9979969354804431 0.04018245759457788 0.06954035957506394 0.21517183530585635 0.3621341503294065 0.48143318902669335 0.7780774450386492 1.1464267890431659 2.3800488730986245
