% # columns="iteration, evaluation, sigma, max axis length,  min axis length, all principle axes lengths  (sorted square roots of eigenvalues of C)", seed=1036562, Wed Dec  8 15:42:40 2021
1 10 0.43978683975715704 1.0000437509570452 1.0 1.0 1.0000062500195313 1.0000125000781253 1.0000187501757822 1.0000250003125026 1.0000312504882864 1.0000375007031337 1.0000437509570452
2 20 0.4173182356373441 1.0454666308852338 0.8995638658215253 0.8995638658215253 0.9435989235960923 0.9637190353316402 0.9942947359418692 0.9993721098158275 1.002188472651605 1.0086126869930345 1.0454666308852338
3 30 0.37474486064458956 1.1122871475659035 0.8337681552681075 0.8337681552681075 0.8981198011422394 0.9543983443258134 0.9714695163753574 0.9904736364112726 1.0030725583248972 1.0139101243264277 1.1122871475659035
4 40 0.3455923702499935 1.1137175495319092 0.7748236833541992 0.7748236833541992 0.8656127492693673 0.9196359112429958 0.9652154669503572 0.9892396388242526 0.994790634429492 1.0012370249161724 1.1137175495319092
5 50 0.32365387449166005 1.124315578673095 0.7558586354013521 0.7558586354013521 0.8504517191539982 0.8811564802061864 0.9505176322456295 0.9719581835042113 0.9787258049099098 0.9966714296581585 1.124315578673095
6 60 0.30178294047266124 1.1287448780182527 0.7263420325859617 0.7263420325859617 0.8149220666888366 0.870679693207251 0.9259620957038236 0.9612664397939432 0.9734063483198302 1.027569617404051 1.1287448780182527
7 70 0.31741120915375914 1.120327776775969 0.7116159152336522 0.7116159152336522 0.8057874976495298 0.8708182873459017 0.9071953720965602 0.9268551363597858 0.974050098208135 1.0120934691338725 1.120327776775969
8 80 0.32354730543363913 1.2320983937311876 0.6942016933261552 0.6942016933261552 0.7518328998183634 0.8633377130105921 0.9020478864257532 0.9314477242075733 0.9757654691113686 1.0053224192886865 1.2320983937311876
9 90 0.2992522968875109 1.2499884056720818 0.6630285255656604 0.6630285255656604 0.7360938929437016 0.8630787652028357 0.8943349020113215 0.9338097597966589 0.9739178438007917 0.9939974662526381 1.2499884056720818
10 100 0.3060854873787409 1.2637249698071051 0.6646214500063133 0.6646214500063133 0.7317465230258895 0.8095334559688264 0.87090281101416 0.9275445897133896 0.9627772331003951 0.9719199795809802 1.2637249698071051
11 110 0.28544992623152776 1.2511599349795859 0.6473335567153934 0.6473335567153934 0.7284573905796863 0.8329836268281048 0.8544368836459117 0.904590422491084 0.9545360255800174 0.9887866696164171 1.2511599349795859
12 120 0.2820821333476794 1.215717221825227 0.63570584228843 0.63570584228843 0.705681966405955 0.80288487922572 0.8569141655509338 0.8890011964394297 0.9543868223866795 1.0023626995486006 1.215717221825227
13 130 0.2562653606844123 1.1955571372912723 0.6135166569687549 0.6135166569687549 0.6875340882424794 0.7859266946594308 0.8499249234011186 0.8826085085742157 0.9646158483526412 1.0286174707904403 1.1955571372912723
14 140 0.22759326663281468 1.1773919804337356 0.6025066718392252 0.6025066718392252 0.6853864529718678 0.7787603605710506 0.847202026805801 0.8563281764441971 0.9270721063310773 1.016733196935559 1.1773919804337356
15 150 0.19834450425241984 1.131914629853471 0.5985402220948516 0.5985402220948516 0.6854962291198686 0.7792123287231777 0.8312052065933712 0.8556233189612575 0.875277329442772 1.0365089139290482 1.131914629853471
16 160 0.19615384491112353 1.1357565392722435 0.5904917261482172 0.5904917261482172 0.6748016981817287 0.7341995277136941 0.7976761450629323 0.8248413731873784 0.8834766298738492 1.034793233347617 1.1357565392722435
17 170 0.17234171510141194 1.1298460351890125 0.5828241219937768 0.5828241219937768 0.6855483836868769 0.7326334364745045 0.759573528467725 0.8306178486182506 0.8682759919003608 1.0517715896715059 1.1298460351890125
18 180 0.16150098907848937 1.1146891604932063 0.5940644407652709 0.5940644407652709 0.6372713645457307 0.7257762219755267 0.7538354244249249 0.8037073348125162 0.8590695839924175 1.0267853649934795 1.1146891604932063
19 190 0.15666479722260718 1.1247066828955563 0.5631144591088221 0.5631144591088221 0.6313494073119236 0.7172343415002974 0.7233314795601264 0.7865832573320155 0.8581435473353102 1.0289444561461865 1.1247066828955563
20 200 0.14053709304301765 1.0937411527670071 0.5463873712405937 0.5463873712405937 0.6283861927571264 0.6982300546293575 0.7398710743505116 0.7910605736919492 0.8615350963985599 1.0046604155798773 1.0937411527670071
21 210 0.128297504569512 1.0958478006796601 0.548101474276557 0.548101474276557 0.6234460145754297 0.6866929461036139 0.7448105053891255 0.7580039419180792 0.8403243091320226 0.9572898695572671 1.0958478006796601
22 220 0.12643473908151012 1.075312102006984 0.5298075397184866 0.5298075397184866 0.6152937438882148 0.6630309435405148 0.7343446979514622 0.7475688648573197 0.8210210975148825 0.9525650693736905 1.075312102006984
23 230 0.1270914293805584 1.1084607616522912 0.5575138735272224 0.5575138735272224 0.6134537054822555 0.6628679769134607 0.7138860758387447 0.7349773789859959 0.8088500372010996 0.87511954053105 1.1084607616522912
24 240 0.11719566715278422 1.128304944429326 0.5597606977393261 0.5597606977393261 0.5815824587442078 0.6655505056873229 0.6943744417035123 0.7377492058998489 0.8022283030849675 0.8661391395947794 1.128304944429326
25 250 0.10594808876257351 1.1110250528456487 0.5579959284394784 0.5579959284394784 0.5707599782641651 0.6423124992189291 0.6928117595582473 0.7405556483750034 0.7888922324543468 0.8472543902760259 1.1110250528456487
26 260 0.10629917813831193 1.1190719512530507 0.5411567658545026 0.5411567658545026 0.5772337813950534 0.6301386121956846 0.6761179074098027 0.7077092072245061 0.7913026205462873 0.8308212002587763 1.1190719512530507
27 270 0.09667692813232939 1.1287197930133714 0.5229737603351716 0.5229737603351716 0.5822860280556187 0.6289527362627217 0.6530413315275928 0.6924406361464664 0.7811752962630897 0.8432167041698458 1.1287197930133714
28 280 0.09737067840942687 1.152475332905767 0.5046802680440512 0.5046802680440512 0.5762472655619313 0.622991855076206 0.6403336876190019 0.6831941486953471 0.7760850543080912 0.8246875232326809 1.152475332905767
29 290 0.09179297241042164 1.1612918096684914 0.49294126181111275 0.49294126181111275 0.5833380539391314 0.617727379937902 0.6362653098802042 0.6955094004741217 0.7623047750394356 0.8036930606072551 1.1612918096684914
30 300 0.08132054979904134 1.1940083907072898 0.49269147208470504 0.49269147208470504 0.5781435158731106 0.6049063926110324 0.6351764622856041 0.698660275702314 0.7178631770346763 0.7645293460259543 1.1940083907072898
31 310 0.07854992727149487 1.1931480879011043 0.4777246608166259 0.4777246608166259 0.5650016803333817 0.5895538629996104 0.6411092593963559 0.6703806370639528 0.6974460119192463 0.7502716193165151 1.1931480879011043
32 320 0.07689672457411782 1.1496322556617045 0.4648697083333221 0.4648697083333221 0.5582550760222769 0.5859033853735296 0.6373163994462575 0.6690792663700322 0.6931222004635639 0.7247111744567564 1.1496322556617045
33 330 0.07731509970450379 1.1663347216395679 0.45347230062729565 0.45347230062729565 0.5520628092303623 0.5729849099674318 0.6145865602616108 0.6600373488454419 0.694825197226312 0.7218365012864192 1.1663347216395679
34 340 0.07836222179456306 1.1548209062463533 0.4516950199910964 0.4516950199910964 0.5449647500452196 0.5710010101371585 0.598120525882205 0.645147562257696 0.6743079044450245 0.7573448774235187 1.1548209062463533
35 350 0.07938041488876704 1.197289254987282 0.4448558631345534 0.4448558631345534 0.5347353189041666 0.5719783122248178 0.5820243165280342 0.6449896877900795 0.6577651815369936 0.7347918137414737 1.197289254987282
36 360 0.07686001690809931 1.2399628608119653 0.43674740773910736 0.43674740773910736 0.5177001253030885 0.5540798520386009 0.5769154954582941 0.6158154071064579 0.6481372076448266 0.7262733992287197 1.2399628608119653
37 370 0.07680663976815792 1.259031039252412 0.4333261656199802 0.4333261656199802 0.5013429306635655 0.537577128124816 0.569108583901774 0.5967440685181915 0.6374038215700808 0.7122942954861083 1.259031039252412
38 380 0.06908942318511532 1.3015232346697296 0.41788404266296114 0.41788404266296114 0.4873050296842976 0.5325435519249724 0.5631308686407871 0.5774554703974207 0.6261441981167414 0.7126593222920724 1.3015232346697296
39 390 0.06116139042242739 1.2930685508601125 0.41932750807727365 0.41932750807727365 0.4537988814538245 0.5507271911378401 0.5653333185001941 0.5823761461472856 0.6122245937599676 0.7218860373918308 1.2930685508601125
40 400 0.057915664220898576 1.2807041994508013 0.3920900070705066 0.3920900070705066 0.44354244205976484 0.5422430639368512 0.568585102321713 0.5718527159922004 0.6122828098211497 0.6955799117009668 1.2807041994508013
41 410 0.05243030909778428 1.2704632249196286 0.393336962515011 0.393336962515011 0.4376325597807866 0.5236536006557564 0.5552436043102251 0.5747814799476315 0.6027826381804945 0.6781858647877023 1.2704632249196286
42 420 0.04522908401726276 1.2327078380605356 0.39307685795020864 0.39307685795020864 0.4480494187140606 0.5212420907484855 0.5492334276899523 0.5555685912946331 0.5907529074595032 0.6485751328743448 1.2327078380605356
43 430 0.04003302113801016 1.2110059026744575 0.3883410831297364 0.3883410831297364 0.45026768247897714 0.5100723453690493 0.5341537722652834 0.5522478210960791 0.5572526040193139 0.6434659696079629 1.2110059026744575
44 440 0.039216432691245924 1.206932049934715 0.38093715058735855 0.38093715058735855 0.44614491778629217 0.512876790122382 0.5244466058761963 0.535145372274241 0.5487902716465943 0.6148236460308244 1.206932049934715
45 450 0.0332637111835058 1.2572672167617633 0.37735784711013876 0.37735784711013876 0.4322493324662423 0.49864862594073806 0.5162147917681638 0.5183304166438992 0.5401015205695232 0.6140929393970804 1.2572672167617633
46 460 0.033298195515875165 1.2749759325446024 0.3660162885208797 0.3660162885208797 0.419902258218748 0.4691307084719234 0.4893331734879968 0.517345551230982 0.5420440392772639 0.6046456044081171 1.2749759325446024
47 470 0.03274319483447722 1.292982425838472 0.3620249276136421 0.3620249276136421 0.4234054286118344 0.44598835230186656 0.4684085313006263 0.5211123637034839 0.5453803663047958 0.5938829740750361 1.292982425838472
48 480 0.031102854731544557 1.3012765571903915 0.35945887313208236 0.35945887313208236 0.4212044145777995 0.4320042372204913 0.443958625690569 0.5059473082504861 0.5560344177697667 0.5981537490154967 1.3012765571903915
49 490 0.028596195130626913 1.2533614898521452 0.3407858107621912 0.3407858107621912 0.4162736303601127 0.4276196816521517 0.44199709024842215 0.4997445142163762 0.572543737377547 0.5892652293715607 1.2533614898521452
50 500 0.026936529242267596 1.2333132656776924 0.33786914743836705 0.33786914743836705 0.41171134097488216 0.4224542381278153 0.44339869079227645 0.4860640960400919 0.5546156708155189 0.5734992535734511 1.2333132656776924
51 510 0.027714839103815697 1.2375743119751905 0.3403092683268105 0.3403092683268105 0.3957841557685987 0.41690041375367665 0.43484535502197375 0.4840537630841596 0.5555480460175228 0.5583895499876811 1.2375743119751905
52 520 0.030457616807563013 1.3209588417325426 0.33147666795774644 0.33147666795774644 0.38469103010637684 0.40249409195212144 0.41822360516053564 0.476887162166582 0.5470888597019522 0.5796236101066968 1.3209588417325426
53 530 0.03234406815119075 1.4430641232467478 0.32127522374203665 0.32127522374203665 0.3838108719361563 0.39636981499494034 0.41508316258761097 0.46707012520792873 0.5435396845843861 0.5675094144268223 1.4430641232467478
54 540 0.03190116134354757 1.5193754385775373 0.3168866951647058 0.3168866951647058 0.3698330378070108 0.3826109417007072 0.4094326744822674 0.4629046563881433 0.5186588932736195 0.5766845463658021 1.5193754385775373
55 550 0.030417644555962357 1.4974533057614445 0.31291469978657926 0.31291469978657926 0.36448881166506786 0.38159078167259447 0.407181334612011 0.4578572350135247 0.49882339970568257 0.5772953127805471 1.4974533057614445
56 560 0.028850487258742452 1.4809892043101007 0.31155136145772094 0.31155136145772094 0.3577810809465241 0.36720658110654336 0.41076826604654987 0.4584309741307757 0.4878303945208311 0.5591465513842033 1.4809892043101007
57 570 0.028897003287930115 1.5235448607761097 0.2886095476699139 0.2886095476699139 0.34774800829231245 0.35487911996638666 0.40815208407758524 0.45538650182067236 0.48196293952000924 0.5650941498335003 1.5235448607761097
58 580 0.029805769206006208 1.5665698856626191 0.28549190956222137 0.28549190956222137 0.32571035258085 0.3596014092564368 0.40776875771159043 0.441546860335279 0.4740444883123261 0.5648052605959362 1.5665698856626191
59 590 0.031901461023714814 1.6188233469062192 0.2816930495448733 0.2816930495448733 0.3232575313304853 0.35918193113393093 0.3868283181389614 0.44116261837369214 0.4651911104784814 0.5601761829126392 1.6188233469062192
60 600 0.03561121996636457 1.6506537419877454 0.2879674576737322 0.2879674576737322 0.3139349301748385 0.3542871123263885 0.385310944012476 0.4238380191316545 0.4660923464209547 0.5445005492890868 1.6506537419877454
61 610 0.038647208075743386 1.6943848363394833 0.28599682476487254 0.28599682476487254 0.3033211826803873 0.3609244837187251 0.39668009354176587 0.418174371532572 0.4544196700003331 0.5320765893498941 1.6943848363394833
62 620 0.04044406427064723 1.5747720583192246 0.27902277503503714 0.27902277503503714 0.3055687975142329 0.36063997881046306 0.3935029168799896 0.44038218750290553 0.450726180849366 0.5397541914609669 1.5747720583192246
63 630 0.04204883960984049 1.5577757523610827 0.26332425275430377 0.26332425275430377 0.30208646283678686 0.3663773140941749 0.39581697968709817 0.4416816414461896 0.44289290643897217 0.5379363685846617 1.5577757523610827
64 640 0.049031544380514526 1.5423822633563313 0.25301193290792384 0.25301193290792384 0.29592666047877997 0.3694333958190466 0.3914366323511579 0.4319415272004525 0.44164058950824925 0.5461934842830056 1.5423822633563313
65 650 0.053509808771531775 1.6861168541738458 0.24646500348404166 0.24646500348404166 0.2887435996958367 0.35739650620188324 0.3863086008993825 0.42688417915222526 0.44180369926350715 0.5836350486605306 1.6861168541738458
66 660 0.049981211279703334 1.740442696393106 0.24231684660271738 0.24231684660271738 0.2883438645511568 0.35300990302749 0.3713073827216969 0.4256133607183547 0.4459161856372641 0.5782462307035731 1.740442696393106
67 670 0.04370892634055243 1.7117032779446337 0.2379666859213541 0.2379666859213541 0.2870000931732471 0.3532066517582206 0.3580792519891972 0.42242440127946657 0.44943900258511427 0.5604515750099732 1.7117032779446337
68 680 0.0425206127587738 1.7236588689370218 0.22445033688373203 0.22445033688373203 0.2791997081324451 0.33591048891921854 0.35675886462064543 0.4183425891243727 0.44496315947213605 0.5632777762261422 1.7236588689370218
69 690 0.03737015964116286 1.69203000655612 0.2252940966761528 0.2252940966761528 0.2867492956443776 0.3366981379489988 0.35220211986290184 0.3945221795817426 0.42724191800465977 0.5690586315406669 1.69203000655612
70 700 0.036583520504481666 1.640803262260946 0.22615496291490653 0.22615496291490653 0.2849417788806066 0.32622110376107005 0.33626524535085806 0.38811499318924825 0.4207650421134726 0.5667822705953169 1.640803262260946
71 710 0.04009793850738546 1.593218547223262 0.23369889300343114 0.23369889300343114 0.2862362062970518 0.31004156271928035 0.3301257556561805 0.38843730346209004 0.42102603589806153 0.5426638101827214 1.593218547223262
72 720 0.03821255373662483 1.5994056532881604 0.23335868720479824 0.23335868720479824 0.2811619950279253 0.31264004158791603 0.3188368318871495 0.38060726248201904 0.423620371933579 0.5884897198439455 1.5994056532881604
73 730 0.03628067326440444 1.519799653969098 0.23695486695526743 0.23695486695526743 0.2795592847762371 0.3004081033306278 0.32330032945764287 0.37443520228389005 0.4154048628187043 0.5856790387590297 1.519799653969098
74 740 0.03682480786333494 1.5280919134127149 0.23523193665817682 0.23523193665817682 0.27441134327604577 0.3034245539448115 0.31788539078321987 0.36486213422889885 0.4059554820503141 0.5727064333894877 1.5280919134127149
75 750 0.03845782768816497 1.5509240749522768 0.22668252258501428 0.22668252258501428 0.2693289218319172 0.30338169621115296 0.31520182321691986 0.36762162650699726 0.39268873163014767 0.5896334098337831 1.5509240749522768
76 760 0.041811461458341345 1.5489280000556305 0.2195472916327839 0.2195472916327839 0.2673335720861883 0.30005376043914805 0.3201418137957695 0.36565711057442857 0.37326546791435494 0.6018415457049084 1.5489280000556305
77 770 0.04345075691688589 1.465262337852135 0.22603332114984895 0.22603332114984895 0.2641439375110648 0.29278528390312125 0.3211704289017836 0.3603162626323061 0.3909284582133905 0.5886893036749964 1.465262337852135
78 780 0.044666902120766044 1.4554210173240907 0.2243889654755346 0.2243889654755346 0.25437759158087475 0.29250785152510583 0.31156433200340705 0.3542436250493462 0.39838243909647547 0.5969811214105089 1.4554210173240907
79 790 0.04167003800146913 1.5041144760374785 0.22336447225916994 0.22336447225916994 0.2535153612813367 0.28823739792036945 0.30160457238045607 0.3573794169627264 0.3914823507721506 0.5812191489489178 1.5041144760374785
80 800 0.044142870267869394 1.4898066017448666 0.22043175748947608 0.22043175748947608 0.24894383668081355 0.27722855478719755 0.2973211200005459 0.3692337413520443 0.39851580708200984 0.5538632447476899 1.4898066017448666
81 810 0.05212552632029658 1.444276476926645 0.21298422483625212 0.21298422483625212 0.2354712159884863 0.27754916716273725 0.30595577929213674 0.38115175199766194 0.4110053292656492 0.5354347816011581 1.444276476926645
82 820 0.06270333418460636 1.45580350682729 0.20712056806828735 0.20712056806828735 0.2390945910500135 0.27099513025163474 0.30582963326295104 0.39688619578855994 0.4103352096155937 0.5220481935622977 1.45580350682729
83 830 0.07335816509676879 1.4863126088829606 0.2017714517249013 0.2017714517249013 0.23741925350724968 0.2651915578295122 0.3023781555714793 0.3950505611108151 0.39750072333938574 0.526460375913531 1.4863126088829606
84 840 0.07137521227905419 1.4182077700779043 0.20048327875274294 0.20048327875274294 0.23190421980468462 0.2667154357344402 0.29355744395545674 0.38427937070454316 0.4080450208796134 0.5255046607391152 1.4182077700779043
85 850 0.07093583626156551 1.3847573366801198 0.19025947027271106 0.19025947027271106 0.23163920430768908 0.25993702925917683 0.29133349991289065 0.39699509626566754 0.4072961798366417 0.5159488878889462 1.3847573366801198
86 860 0.06103590122865736 1.3384881517666427 0.18478750360109641 0.18478750360109641 0.22946980058421187 0.2509252649591354 0.2930548798092158 0.39859328184946013 0.43500769367913344 0.48953309604277573 1.3384881517666427
87 870 0.05982930472061305 1.317419461893616 0.1806207129500834 0.1806207129500834 0.21926501334502005 0.24725350007039346 0.29169486458516974 0.395314724478115 0.4407909126845178 0.48188507049331736 1.317419461893616
88 880 0.055471173215080605 1.3260515731814926 0.180260695901032 0.180260695901032 0.2172193985694084 0.24416236038052477 0.28425528346101525 0.3858199314487474 0.4299108401505363 0.4814488013087233 1.3260515731814926
89 890 0.05052034201364244 1.3013251613989738 0.17693058866035835 0.17693058866035835 0.21887186298569 0.2434445154060083 0.2801867551302334 0.3706330152403658 0.4219747735875058 0.46134270443868364 1.3013251613989738
90 900 0.042463828057352916 1.2363360190044153 0.1740176859767572 0.1740176859767572 0.21813240552688415 0.24010495872726595 0.27893758691895976 0.3642472784916214 0.4054527644545537 0.45488857555691076 1.2363360190044153
91 910 0.04177384951311195 1.1890340012268266 0.16990863499514516 0.16990863499514516 0.2156843552202838 0.2432950208942919 0.2705206192792089 0.3437352472396567 0.4043162940509397 0.4517991131444163 1.1890340012268266
92 920 0.03725344655807443 1.1733067633296765 0.17279526442586574 0.17279526442586574 0.22966336934438158 0.2433257534361111 0.2690495020728919 0.33475736789717575 0.40906666644106154 0.4300291991535084 1.1733067633296765
93 930 0.03306997268616724 1.1263445892187491 0.1677069515448797 0.1677069515448797 0.23068266155386724 0.23355867698067248 0.25992817279561276 0.33067887625109266 0.4067622246511654 0.43058141131189176 1.1263445892187491
94 940 0.031159511054413377 1.1166868918548891 0.16778850945881232 0.16778850945881232 0.2183741244802917 0.227039247428739 0.257331532580344 0.3176849116195602 0.4137031785256288 0.4365058034538688 1.1166868918548891
95 950 0.030488390167281415 1.0485801821665575 0.16728280088343697 0.16728280088343697 0.21654585972142446 0.23465724948614003 0.2554599624378659 0.3192826172248269 0.4080870361348185 0.43692739263022073 1.0485801821665575
96 960 0.026958950841232645 1.0748033779251713 0.1588561296418312 0.1588561296418312 0.21387737100024015 0.2359914256514458 0.2549535870855449 0.3105860133876781 0.40240103580423053 0.432822396605604 1.0748033779251713
97 970 0.026926014099397124 1.0440447016784558 0.14857430980643935 0.14857430980643935 0.21239654436046945 0.23742417838899513 0.2550239740803197 0.304979681684406 0.3855545900645217 0.430584103094702 1.0440447016784558
98 980 0.027558909354037583 1.0162808885036405 0.144564586105744 0.144564586105744 0.212546901569365 0.2252049256237227 0.25173268753175654 0.3344449216289481 0.38174606722358906 0.4165401609630739 1.0162808885036405
99 990 0.026791437631475883 0.9880891029070171 0.1342776979576288 0.1342776979576288 0.21378839193880114 0.23776851387162087 0.25229484836928706 0.3346753338987785 0.3845441282691703 0.41562264254350173 0.9880891029070171
100 1000 0.032366295384893 0.984173363920959 0.13339630089886145 0.13339630089886145 0.21069336651594056 0.23175724369332512 0.2518059330309662 0.3287162596046868 0.36691262026658733 0.41175503425975035 0.984173363920959
101 1010 0.035874889732789524 1.0169812349424479 0.13199742480135238 0.13199742480135238 0.21222311602987876 0.23125441198025973 0.2583399098789817 0.321356985336428 0.375595176064698 0.4210052189976853 1.0169812349424479
102 1020 0.03964312833733565 0.9934459525087662 0.1264056191108102 0.1264056191108102 0.20740496809842415 0.23128240333055203 0.2534367686515833 0.3183591060741053 0.3690587488040093 0.4216707698273933 0.9934459525087662
103 1030 0.0425804037444883 1.0270519094566017 0.12578144147580989 0.12578144147580989 0.20464060733499034 0.23354862775785462 0.25125953860307204 0.31617784755468487 0.36260091358282615 0.4018379982313854 1.0270519094566017
104 1040 0.04947930957396439 1.0557750060228717 0.12268678422355017 0.12268678422355017 0.2034868467270987 0.23269510400233093 0.24486698301263743 0.3104769893366685 0.3515304668880366 0.39648898973246993 1.0557750060228717
105 1050 0.05510347878894391 1.0804592953272791 0.1236007448647408 0.1236007448647408 0.20153915738128086 0.23677252967588908 0.2547397658638308 0.30085014122005743 0.3491490667394307 0.4055187583631358 1.0804592953272791
106 1060 0.05753220890499509 1.0181291243816757 0.12405004350122625 0.12405004350122625 0.20868474399531894 0.23662532003224865 0.26027958694695125 0.2914814229170997 0.3530234799127906 0.3948426028626607 1.0181291243816757
107 1070 0.058632974077062416 1.015469763178267 0.1240977487922248 0.1240977487922248 0.19784622937276497 0.22945711255339124 0.2630067648214058 0.28464463163133247 0.35701740580063657 0.39903318416453176 1.015469763178267
108 1080 0.06023415422823153 1.0341611328349134 0.11230475274525614 0.11230475274525614 0.20024673300347046 0.2307453940509336 0.25775810295036683 0.27718394944898417 0.36826843715719126 0.39387961944704303 1.0341611328349134
109 1090 0.0568434650452001 1.0824575181704377 0.11084791259083664 0.11084791259083664 0.18523852410280436 0.23022922602212104 0.25449859231998273 0.2894921834253411 0.3653388422377962 0.38411741450542686 1.0824575181704377
110 1100 0.05186224147756932 1.0392155813430917 0.10879537170944148 0.10879537170944148 0.1879421348020015 0.22369752637685494 0.25758992467326547 0.2892090079884598 0.3527188813174223 0.3901164144333568 1.0392155813430917
111 1110 0.049338863167506915 1.0257287954393057 0.10920156602325286 0.10920156602325286 0.18328308834447027 0.2194531747488465 0.25274563659412386 0.28470700926222126 0.3480748027896619 0.385368762199182 1.0257287954393057
112 1120 0.04577003331295714 1.0046607447605787 0.11090674479094519 0.11090674479094519 0.16874684791829261 0.22220533655572478 0.25450302889287246 0.2721480836266151 0.34169423804647503 0.3874799810849405 1.0046607447605787
113 1130 0.04314870576245445 1.002316523591798 0.11049137897406967 0.11049137897406967 0.16810254812560502 0.22192644730115577 0.2567545591993727 0.2657274077425925 0.3233600468312243 0.3731219932452344 1.002316523591798
114 1140 0.04112679972567094 0.9902247907850383 0.10975598896848288 0.10975598896848288 0.1634849985589803 0.2129247747191764 0.2600406245363005 0.2707043309298171 0.31489639959379 0.3680702603588937 0.9902247907850383
115 1150 0.041239510068429255 0.9775780687031985 0.10652277248291452 0.10652277248291452 0.1642591801697467 0.20976565507773126 0.256757939610766 0.275261728827182 0.2977667312123087 0.3730233859978845 0.9775780687031985
116 1160 0.03901456865245341 0.9584651339907043 0.1043660171920247 0.1043660171920247 0.15844883088720618 0.2103346548938791 0.253023421238343 0.27729372874042996 0.30961567386831346 0.3711731508100165 0.9584651339907043
117 1170 0.04205516072686837 0.9517151862050094 0.1044104252031076 0.1044104252031076 0.15064491786947803 0.20705995563524257 0.24523289757953728 0.2668538622943743 0.3110579871820247 0.3774341181245757 0.9517151862050094
118 1180 0.04848492185105623 1.0119967160514936 0.10439433834978655 0.10439433834978655 0.1498760348924957 0.1982991082701891 0.23799734192189814 0.2651343058079775 0.3101710110105859 0.37615983137843195 1.0119967160514936
119 1190 0.060128286012275815 1.0651806478509473 0.10646268154859183 0.10646268154859183 0.1498112730449705 0.19255251519418679 0.24150572854854255 0.2570797032798108 0.30880982485465325 0.4048973723596783 1.0651806478509473
120 1200 0.07402121335713988 1.0761615522704744 0.107515169660303 0.107515169660303 0.14896866584652219 0.19050600059719974 0.24216612112790736 0.25914799062596794 0.31152070133487836 0.4024563069982507 1.0761615522704744
121 1210 0.07614319460866516 1.0571713838656158 0.10683123875089275 0.10683123875089275 0.14984512931631036 0.18635568962414417 0.2380555934330832 0.2535114977276512 0.3210542673902006 0.39142639469195706 1.0571713838656158
122 1220 0.0758511235001025 1.0846907990534096 0.10584541524577488 0.10584541524577488 0.14663063809031027 0.19076996636509208 0.23252573109391328 0.24726627076215157 0.30111775878935343 0.38991102613780515 1.0846907990534096
123 1230 0.07624310148307971 1.0693456236187013 0.10612270202141087 0.10612270202141087 0.14284260559679757 0.18361405198632197 0.22466772831286486 0.24954738498049128 0.30118810138671365 0.37531227457912303 1.0693456236187013
124 1240 0.07001946855058508 1.060707843849447 0.10495066939273215 0.10495066939273215 0.14751764819832033 0.18332458274017488 0.22038848249894294 0.2608339119562001 0.30645084643255294 0.33991833013300926 1.060707843849447
125 1250 0.06805606676834561 1.0503648992351382 0.10374241298130737 0.10374241298130737 0.1467336320288935 0.18303417655649165 0.21612123829202515 0.2550732524213432 0.3052079109770109 0.3276511785790478 1.0503648992351382
126 1260 0.072830562674079 1.1060126481698473 0.10435508371551397 0.10435508371551397 0.14435287718116413 0.17949631005706124 0.21403629710371366 0.243425109201412 0.30059463688145016 0.31259994329178087 1.1060126481698473
127 1270 0.06968168856629994 1.0422559146994634 0.09993932854510403 0.09993932854510403 0.1423870369873175 0.17568218319210746 0.21550522222836335 0.24371267175241393 0.2950124897700321 0.35844699826102416 1.0422559146994634
128 1280 0.06908214895249222 1.0060127692490528 0.0996880775332237 0.0996880775332237 0.1364794851993329 0.17705531383570727 0.21717091541117378 0.23412856076108182 0.2907573278191896 0.357046820597629 1.0060127692490528
129 1290 0.06613305972784764 0.9825292561701598 0.09918797292123768 0.09918797292123768 0.12721774615568338 0.1750692326475258 0.21874082289297733 0.2336674924142061 0.2894103749602365 0.35922612010717636 0.9825292561701598
130 1300 0.060178467919740145 0.9324939346378853 0.10008142684017628 0.10008142684017628 0.12516467130764 0.18214062915513068 0.21483578619564023 0.23759382086474692 0.2824704579538815 0.3566928994046305 0.9324939346378853
131 1310 0.05590955104876068 0.9225525184725796 0.09522728697611157 0.09522728697611157 0.12511805992017205 0.18152670385861952 0.2111507400936022 0.236036544131138 0.27631867079468275 0.3487812496972512 0.9225525184725796
132 1320 0.056142550291411096 0.9021136800653778 0.09469931992823986 0.09469931992823986 0.1221138271818854 0.17375354587397618 0.2086223898757681 0.23520374339310107 0.2719846259206943 0.3495522777919869 0.9021136800653778
133 1330 0.05287780708076373 0.89542237479136 0.09616991215796539 0.09616991215796539 0.1211502328490197 0.17271868090468037 0.19878335456953067 0.2286373259388974 0.2762464514649797 0.34987682320512903 0.89542237479136
134 1340 0.048832943824794056 0.8729441675416933 0.0966573361031353 0.0966573361031353 0.11652599624607932 0.16949872720119016 0.19855726665580936 0.22767738790546793 0.26607012433249055 0.35094523367667013 0.8729441675416933
135 1350 0.05041859247332729 0.8587006347523497 0.09498598498279193 0.09498598498279193 0.11354494356129272 0.169520688656053 0.191149765629617 0.22542530239001649 0.2573309540319067 0.34538291979470204 0.8587006347523497
136 1360 0.052018092989887625 0.8540514385669624 0.09071907099128643 0.09071907099128643 0.11107462508103805 0.17172538754613728 0.1888318420645618 0.22459545638648243 0.26316486580214704 0.351891355287293 0.8540514385669624
137 1370 0.05206661442475579 0.8627782179066289 0.08574074811264845 0.08574074811264845 0.10982153123849274 0.1607729747580831 0.1842385712044504 0.2286018051718607 0.26673532642591413 0.36317394572250533 0.8627782179066289
138 1380 0.0551802000543909 0.9010283853313928 0.08538895605415271 0.08538895605415271 0.10831447765453991 0.15322312145488542 0.1751936664674568 0.23019202030317448 0.25547071849269254 0.35965818843622 0.9010283853313928
139 1390 0.05474771045283867 0.9146548372756597 0.08270232188268425 0.08270232188268425 0.11185079143644844 0.15091083890073298 0.17817000165543706 0.2271873884198896 0.26300122585525 0.34406471974881464 0.9146548372756597
140 1400 0.04840445578708989 0.8936472918188836 0.08082899714189026 0.08082899714189026 0.11234497556801787 0.14759639306147757 0.17616253140462299 0.23013377140526975 0.2639366348933858 0.3418306990519555 0.8936472918188836
141 1410 0.053144233941447974 0.872861344142758 0.08055351873792932 0.08055351873792932 0.11000539054977626 0.14128284892658682 0.18026165604756478 0.2250945082814543 0.2649904614428682 0.3297501823467073 0.872861344142758
142 1420 0.057989850954482926 0.8899758584277887 0.07833404692598357 0.07833404692598357 0.11134142937529067 0.14242632359822527 0.17827061123448218 0.21995966565663078 0.2771382136458031 0.3248178637544921 0.8899758584277887
143 1430 0.057231592865158686 0.8921370835892444 0.07744996777107416 0.07744996777107416 0.11129864439714321 0.1379656424758405 0.18322266050955507 0.21949553551673953 0.2718339827489967 0.3315389385136817 0.8921370835892444
144 1440 0.06038994736578619 0.8849174028828494 0.07699891048090594 0.07699891048090594 0.10930292084952264 0.1377865980005404 0.18406061669123422 0.2155527645692211 0.2733824264336899 0.318153726751359 0.8849174028828494
145 1450 0.06178248882000705 0.9394128403878376 0.07589228249113514 0.07589228249113514 0.10852291026429353 0.1366717873192333 0.18322241274534717 0.2083844445297345 0.275005569749894 0.3059492406376311 0.9394128403878376
146 1460 0.059296303499477544 0.9413433620306957 0.0755278963196372 0.0755278963196372 0.1094035032841272 0.1301588780210378 0.17889713242576644 0.20734100438371908 0.2764763696908729 0.2976017091585919 0.9413433620306957
147 1470 0.05539244903405787 0.9419818107974224 0.07302855490289564 0.07302855490289564 0.10790514587193291 0.1276429698328989 0.17993953598833484 0.20085690807653592 0.2741772076989164 0.2961699851161714 0.9419818107974224
148 1480 0.059366645934279094 0.9495861049577037 0.07272969144541792 0.07272969144541792 0.10438375242213709 0.1257701097033068 0.1810005944029362 0.1986534478320954 0.26774160893079596 0.2871233373530407 0.9495861049577037
149 1490 0.057659246900581405 0.9617578856089759 0.0724741460226247 0.0724741460226247 0.10479883262257723 0.12533702145355 0.17589358041139705 0.20353959294014193 0.26820825368304857 0.2834391799733761 0.9617578856089759
150 1500 0.05508086886343454 0.9598198210149737 0.07098526458289327 0.07098526458289327 0.10181552353364902 0.12461534379809375 0.17118353185136964 0.19777073211467652 0.2679183615760341 0.2834315439635756 0.9598198210149737
151 1510 0.04788590385115821 0.9521725108282983 0.07035609505041732 0.07035609505041732 0.09914089921866245 0.11887831603825764 0.1695216525411566 0.1995426037539755 0.26062692709945023 0.27870808485002085 0.9521725108282983
152 1520 0.04314101225452656 0.9671145894687163 0.07146108701794376 0.07146108701794376 0.0983147318753589 0.12141412650106698 0.16289853551001615 0.1929490752872345 0.26091966406220607 0.27069281754903896 0.9671145894687163
153 1530 0.039644069888453176 0.9179877608882326 0.06884875993582452 0.06884875993582452 0.09486840643849408 0.11765667025928105 0.16336032123068153 0.1921722498800673 0.2655291134305282 0.2694444428833878 0.9179877608882326
154 1540 0.03713089034923144 0.8800612695716026 0.06811472521840632 0.06811472521840632 0.09542332363810972 0.11619710750070854 0.15763361970767134 0.19265181103632095 0.2621318531307934 0.2691281682881757 0.8800612695716026
155 1550 0.03664447536528632 0.8716522930098678 0.06469807101522232 0.06469807101522232 0.09332351036631573 0.11634217629241805 0.15970485512940252 0.18842534495536586 0.26236026356927744 0.26602676860884933 0.8716522930098678
156 1560 0.03826521921501046 0.8605020942899064 0.06344974674235196 0.06344974674235196 0.09375603367700418 0.11640555430512833 0.1597406436054929 0.18740192802295144 0.251524624553814 0.26565535695538045 0.8605020942899064
157 1570 0.03943210740264348 0.8680583878488656 0.06320250536223938 0.06320250536223938 0.08852883207014288 0.11597551760709485 0.16449304785958158 0.1887197011803518 0.2540791861143073 0.2660205149970655 0.8680583878488656
158 1580 0.04197178611819847 0.8899771036978091 0.06286905234564079 0.06286905234564079 0.08873294643477142 0.11425232529254138 0.15503885744389545 0.1909725681958954 0.25131320310266103 0.26458039145160533 0.8899771036978091
159 1590 0.046860678403687885 0.9053341578541425 0.06396536026944954 0.06396536026944954 0.08794779901842116 0.11170420013800121 0.15442645448659398 0.1902621082992332 0.246453589617566 0.25733238418978355 0.9053341578541425
160 1600 0.05154014236717289 0.9061401466614297 0.06857803875328669 0.06857803875328669 0.08648211649332889 0.11007303609065032 0.15563526460738777 0.18504258815762747 0.24722068086327245 0.26487171878232657 0.9061401466614297
161 1610 0.06199964587754827 0.8741247581337042 0.07117151649865161 0.07117151649865161 0.08558440599446525 0.10696703083563443 0.15853665389800334 0.1829956637537951 0.23901202917713135 0.2702474824677787 0.8741247581337042
162 1620 0.06443624726294819 0.8555233955869936 0.07229969972844952 0.07229969972844952 0.0878949572183223 0.10738275490833957 0.15609372175863942 0.17124926388014478 0.2347561463055092 0.2810878149341149 0.8555233955869936
163 1630 0.06664237686227358 0.842209844329705 0.07349509347423051 0.07349509347423051 0.0862928337570196 0.1045117614248341 0.1504446273655899 0.1684982753256508 0.22832677884382988 0.276744323604727 0.842209844329705
164 1640 0.0700728713273816 0.8320265557829363 0.0720003957322864 0.0720003957322864 0.08988695453336644 0.10410964374108632 0.14209846803497003 0.16698006897895373 0.2322679660943497 0.27837727190535383 0.8320265557829363
165 1650 0.06678817392121342 0.8143216547332954 0.0697173568155997 0.0697173568155997 0.08478507938950454 0.10175749881062705 0.14101064525719487 0.16858960308756937 0.2349913022435661 0.28764816519667596 0.8143216547332954
166 1660 0.06042375241018123 0.8088426816358111 0.06864493555711344 0.06864493555711344 0.08313114897898839 0.0996762064509778 0.1376824713174865 0.16988273224142908 0.2280189825272855 0.27798029672268904 0.8088426816358111
167 1670 0.05577184970252322 0.758694937288693 0.06855928969477022 0.06855928969477022 0.08204817022662858 0.09603994763423165 0.13720835605079196 0.16439395164831846 0.2243199958081881 0.2786085807580762 0.758694937288693
168 1680 0.053693658184089235 0.7582777974287213 0.06741584200200415 0.06741584200200415 0.08134163829072519 0.09246860953097467 0.13607961256184725 0.1583312061487717 0.22789169658108832 0.2740097223563702 0.7582777974287213
169 1690 0.05584777314651779 0.7600355823379074 0.06638530754514915 0.06638530754514915 0.08085743588872235 0.09221709872216544 0.13434972528351544 0.15647913019585472 0.22336942265770934 0.27087685293158487 0.7600355823379074
170 1700 0.060969910175943276 0.7860411892338043 0.06266280243602122 0.06266280243602122 0.08064513042307703 0.09222361691489553 0.1348990859512414 0.1610367185814658 0.21701703348999507 0.26469396577579735 0.7860411892338043
171 1710 0.06302730310828059 0.8038768821508717 0.06347233804840254 0.06347233804840254 0.08097619347345686 0.09341428927845004 0.13775342043927868 0.15227900551008555 0.20933117609233173 0.26264424036590833 0.8038768821508717
172 1720 0.0684678360018415 0.8056473726281123 0.06128453021986041 0.06128453021986041 0.08091008656319577 0.09610668353221873 0.13213603424516326 0.14558093614597373 0.2089111257454894 0.26233096927586674 0.8056473726281123
173 1730 0.06446159629293655 0.8113915724750328 0.05955484523748551 0.05955484523748551 0.07857791485189734 0.09316802423578861 0.12844826767464093 0.14602328646317342 0.20831719549420866 0.2785466162222756 0.8113915724750328
174 1740 0.06310327512060111 0.8104661435429495 0.05672547192447719 0.05672547192447719 0.07806107768084582 0.0902370282343801 0.12493596894537035 0.1433186581282964 0.20906452476032483 0.27452503204209194 0.8104661435429495
175 1750 0.06100986920451533 0.8090324531050299 0.055549597832371345 0.055549597832371345 0.07969869380559312 0.09040100572830731 0.1225392331713033 0.14104135444377092 0.20211745401087036 0.2707701772483925 0.8090324531050299
176 1760 0.05785121257555479 0.8036507586447267 0.055426832999328254 0.055426832999328254 0.07896869988846125 0.09002610191524855 0.11519248149406092 0.14270122444755207 0.1991930409818791 0.27041870757644243 0.8036507586447267
177 1770 0.05842141342018598 0.7928372220082898 0.055196582050914406 0.055196582050914406 0.07851751139500174 0.08877278159123626 0.11336929815414423 0.1411130930766136 0.18112512831328534 0.2817260329027534 0.7928372220082898
178 1780 0.057731153897310476 0.8168886157324752 0.05644874026274374 0.05644874026274374 0.07764572735187393 0.08821740980015587 0.11213149471456736 0.13197618906765718 0.17923905977091312 0.2856501374457425 0.8168886157324752
179 1790 0.058857621461551844 0.8327019894660559 0.055010120814406864 0.055010120814406864 0.07783384961397921 0.0858137208718183 0.11159600356411853 0.1394880487302431 0.1765430077138504 0.2768334030096846 0.8327019894660559
180 1800 0.05764026322487008 0.8693126784087148 0.05533744774922524 0.05533744774922524 0.07696727166108695 0.08486928179007402 0.11380067977718412 0.13832686810702036 0.16697621154638728 0.2766139480567745 0.8693126784087148
181 1810 0.05249570310412589 0.8738797373654835 0.054606622625603465 0.054606622625603465 0.07733324889253665 0.08249130806703628 0.11490139714814564 0.13085541525911062 0.1640414076862421 0.275124520695 0.8738797373654835
182 1820 0.05534508591047052 0.8420294533264574 0.05452847961115627 0.05452847961115627 0.07625552811242044 0.08055199539657765 0.11246964022324403 0.13313336642136506 0.1584862899752446 0.27530679207389 0.8420294533264574
183 1830 0.056899793745878974 0.8067909626159484 0.05451098349947275 0.05451098349947275 0.07645507827684732 0.08355968826671392 0.1140852431621462 0.13125338535998593 0.15962535346430784 0.27383298819866814 0.8067909626159484
184 1840 0.05714105606509558 0.7841204743159444 0.05458504319948103 0.05458504319948103 0.07643526242267519 0.08220977175603153 0.11431457544109817 0.12803304063113014 0.15631068426906675 0.2846580369592514 0.7841204743159444
185 1850 0.05700866889904652 0.7774405635093717 0.05434275124682568 0.05434275124682568 0.07697728016248478 0.08282714572735546 0.11303390052645057 0.12430434010045079 0.15215063138976387 0.28420767919738443 0.7774405635093717
186 1860 0.05544990317876446 0.7866501335874858 0.051214537891577164 0.051214537891577164 0.07758752252744766 0.08137633967172753 0.11493521220516802 0.12140725387425064 0.15010589230571703 0.2822592281318716 0.7866501335874858
187 1870 0.06155344708342341 0.783576654875469 0.050365500276083074 0.050365500276083074 0.07641511284477058 0.08071840458018809 0.11204285017758256 0.11461800434284612 0.1510580455836072 0.2808494372590117 0.783576654875469
188 1880 0.06568941546366198 0.7837168569771801 0.04913860105666202 0.04913860105666202 0.0770699669087985 0.08076194486685333 0.10962443662285089 0.11657255251210849 0.1504820870404972 0.29289332258189316 0.7837168569771801
189 1890 0.06651934238921074 0.8616647895311066 0.0479909785730412 0.0479909785730412 0.07308631025841192 0.07593882983005024 0.10868242029733587 0.11102632909033117 0.15192889770769563 0.2944120299886622 0.8616647895311066
190 1900 0.06296843757172946 0.8566470083524205 0.04802698291506953 0.04802698291506953 0.0682282674275834 0.07547810145784023 0.1061075816277961 0.11271664059479575 0.1534073052102288 0.29863901812648685 0.8566470083524205
191 1910 0.06001969800045225 0.8269306573741051 0.04934328337146586 0.04934328337146586 0.06763679180131663 0.07444903781401875 0.10353533725073107 0.10580813565053791 0.15882407081103128 0.2937541552441038 0.8269306573741051
192 1920 0.05828213105620747 0.807352950591899 0.04979675098508804 0.04979675098508804 0.06605409390795071 0.07302671344844307 0.1002591043598617 0.10636845164221716 0.15710583544680734 0.2956790066150345 0.807352950591899
193 1930 0.06283880523125038 0.808241062825014 0.04887582147207451 0.04887582147207451 0.06489920401235054 0.07268757306278772 0.10046695879081609 0.10228253457106651 0.15675193742233234 0.29361817972624527 0.808241062825014
194 1940 0.06254936443728458 0.8646424059017896 0.048490683850776796 0.048490683850776796 0.0670167190094378 0.07151799392340658 0.09941262821734295 0.10201686772411962 0.15447168301027828 0.27907474192249315 0.8646424059017896
195 1950 0.06477454901725406 0.8527380554868875 0.04760189597893069 0.04760189597893069 0.06460636547618545 0.07023125944824993 0.1000744465518825 0.10598134489298816 0.154937834230856 0.2711401397999435 0.8527380554868875
196 1960 0.07077005383457681 0.8458914829892246 0.047696815036961646 0.047696815036961646 0.06401275725113853 0.0706463905246749 0.09775618801079342 0.10684004742976866 0.1527637783138811 0.2591847969510954 0.8458914829892246
197 1970 0.07542190268333035 0.8663761549098754 0.04679955732295223 0.04679955732295223 0.06405602376458243 0.06914860184926147 0.09767277260012402 0.10318039201006979 0.15354397778478182 0.25979713342785454 0.8663761549098754
198 1980 0.08216347904659455 0.9026141514937766 0.046953306101745924 0.046953306101745924 0.060809677205643814 0.0691304558429759 0.09711189422360869 0.10324592961518561 0.15108644576231875 0.2601672787893768 0.9026141514937766
199 1990 0.08305311544314406 0.9069667562019778 0.04647833193494073 0.04647833193494073 0.059721237464721584 0.07299068267314107 0.09589151380638529 0.10645248948617446 0.14836902593430926 0.2555096253066 0.9069667562019778
200 2000 0.09557564551246044 0.9023021232550055 0.04657163240853273 0.04657163240853273 0.0580300786496887 0.07268049188546664 0.0960428133163139 0.10694062477875198 0.1445507245976336 0.25054258329355245 0.9023021232550055
201 2010 0.09685578087392448 0.9527368521420682 0.04668429477549777 0.04668429477549777 0.058120381852415 0.07247446078117249 0.0949408018762276 0.09978857254631868 0.144291433506512 0.2612038380395665 0.9527368521420682
202 2020 0.08715624017160553 0.9481480707897424 0.0450605687525457 0.0450605687525457 0.05778227745686077 0.06982703257345299 0.09250996484355266 0.09897308337246633 0.14294730923407262 0.262308443844745 0.9481480707897424
203 2030 0.084907632820069 0.8951904751725964 0.04505213108449623 0.04505213108449623 0.05583318538250012 0.06951554061270207 0.0932828738140091 0.09760726942307255 0.1398570445548 0.25167123027145244 0.8951904751725964
204 2040 0.08016420598610112 0.9019583427480137 0.044032845514412194 0.044032845514412194 0.05705107576323139 0.06939322957891497 0.09064882692714317 0.09506249878564209 0.1397348883084636 0.24795096931246943 0.9019583427480137
205 2050 0.07181770568905309 0.8892369110227804 0.04385071057149252 0.04385071057149252 0.05647506811681965 0.0677796943673593 0.08903383341379285 0.09434322497581793 0.13464941440152986 0.24254133799586242 0.8892369110227804
206 2060 0.07022806915546427 0.8967418687613203 0.043631216149019054 0.043631216149019054 0.05459456959812957 0.06760758209187834 0.08974603230648304 0.09298984987140309 0.12793331142353867 0.23874566392545246 0.8967418687613203
207 2070 0.06490330413787926 0.9149496870999184 0.04262603310655776 0.04262603310655776 0.05486209266348549 0.06664974487728159 0.08596297695140075 0.09430858725249879 0.1281099262384855 0.22946675343303563 0.9149496870999184
208 2080 0.06303201155893706 0.9085732406888439 0.04262333832618206 0.04262333832618206 0.05522536497300642 0.06533301219759233 0.08598712425579877 0.09300656584468299 0.12147055477356154 0.2219365141523479 0.9085732406888439
209 2090 0.05634502008960997 0.9134872611465111 0.04179729284526495 0.04179729284526495 0.054512739174891765 0.06499259878453864 0.08470347197979565 0.09244596106561753 0.1195632412757115 0.21434517370870615 0.9134872611465111
210 2100 0.049275081779431726 0.899890743054229 0.041862112810330136 0.041862112810330136 0.05241058622155104 0.06509425844267872 0.08315704853496156 0.09252412528415145 0.1165534823856779 0.20615803621119433 0.899890743054229
211 2110 0.04169238224175951 0.8914005290949902 0.042466203607140755 0.042466203607140755 0.05128714520150808 0.06233079245755563 0.0809833093265717 0.09249384006126571 0.11386150091210673 0.20165809062868487 0.8914005290949902
212 2120 0.03802049227256884 0.8879101781781411 0.042270591425341966 0.042270591425341966 0.050093064919789494 0.0619871080404337 0.07967121069530517 0.08914933020262056 0.10640909051721309 0.19755423051976487 0.8879101781781411
213 2130 0.038459141993836606 0.8559781290553635 0.04141429731517704 0.04141429731517704 0.049817176402315096 0.061803022047606404 0.07923158229267323 0.08757777344974743 0.10444370598006812 0.19175856582151315 0.8559781290553635
214 2140 0.03935989322303457 0.838736926737409 0.041670418723463054 0.041670418723463054 0.05007718735289347 0.06190625912510954 0.07539582369656728 0.08790977924265876 0.10413518687979596 0.19468515488347582 0.838736926737409
215 2150 0.041776662418370886 0.8167075310060372 0.041636328677466874 0.041636328677466874 0.05087090158418374 0.06226608474903862 0.07107224293722454 0.08709894325313416 0.10653950222139938 0.19809353589720805 0.8167075310060372
216 2160 0.04482801224613708 0.8807797632607717 0.040873008320113965 0.040873008320113965 0.04962962366341122 0.06257901587255471 0.07077646174399926 0.08553409355136316 0.10450686119455388 0.19284118984548815 0.8807797632607717
217 2170 0.05158151901212216 0.9550435223156253 0.03997558371192801 0.03997558371192801 0.0507525167557431 0.05941883336845096 0.07046176542643263 0.08183635111505119 0.10399941004074292 0.19015990809128933 0.9550435223156253
218 2180 0.053129616093744766 1.0510270066080962 0.03977169905245853 0.03977169905245853 0.048565815785832495 0.057247522560767296 0.06983888296743898 0.07887406627203075 0.10687381761155577 0.19249921504632692 1.0510270066080962
219 2190 0.05252288283231565 1.0788247716382768 0.038046545875259026 0.038046545875259026 0.04816805748150332 0.057987062925677145 0.06974399846318886 0.07998642204791699 0.10616486352323067 0.18478128382981374 1.0788247716382768
220 2200 0.04994146041265134 1.0891081706786865 0.037560206705593326 0.037560206705593326 0.047270243085002585 0.056729917098132805 0.06814218646338716 0.08180611724096923 0.10464638871940952 0.18376476216898846 1.0891081706786865
221 2210 0.04743739683663187 1.0615256848246488 0.036523145277684646 0.036523145277684646 0.047604329612359574 0.05639116549268266 0.0675036656832459 0.07932412070812074 0.10305052025661693 0.18173567899452597 1.0615256848246488
222 2220 0.04573536931151251 1.0721577644077662 0.03691567683266094 0.03691567683266094 0.04824272798631514 0.05595255755848809 0.06739918921923341 0.07708933119618684 0.10235840400679336 0.16448513375946067 1.0721577644077662
223 2230 0.041645817711540065 1.0547711573203054 0.03638262931696328 0.03638262931696328 0.047787028235278514 0.055805819059248626 0.0672056583221574 0.07540544161231802 0.10270154919586526 0.16106423183637814 1.0547711573203054
224 2240 0.03801819147569396 0.9775322876848874 0.036313099252987584 0.036313099252987584 0.04761861081661847 0.055688123458356734 0.06532053455592687 0.07503830054796232 0.1014846457881217 0.15638353213175119 0.9775322876848874
225 2250 0.03429592341621799 0.9432308357868417 0.036213318349559494 0.036213318349559494 0.04738841783772625 0.05510597528881589 0.06355734074400071 0.07360307395977661 0.10122607171818464 0.15246131415939548 0.9432308357868417
226 2260 0.03181727764506391 0.9005839463531766 0.03565240588519497 0.03565240588519497 0.046580622684220474 0.05475815079300805 0.06374857020123546 0.07283108549791924 0.09608532160820209 0.1507691101128378 0.9005839463531766
227 2270 0.03403965450550347 0.8988904452497787 0.036015415435309214 0.036015415435309214 0.04763402435424199 0.053976186120156415 0.06457775702244288 0.07213368588013729 0.08902759589522362 0.144387865152249 0.8988904452497787
228 2280 0.03194771762080332 0.9168140309850951 0.035433796868602103 0.035433796868602103 0.047532846544151325 0.05207188350597861 0.06636826584742808 0.0732657837555838 0.08862211341093726 0.14149750937355488 0.9168140309850951
229 2290 0.031995930685504985 0.8703456679769392 0.035079752868861766 0.035079752868861766 0.047841961959312035 0.05190107178477773 0.0662536854680939 0.07224440622511537 0.08725831964164442 0.13976009942607687 0.8703456679769392
230 2300 0.03139209755129173 0.8763631164280345 0.035054943033049145 0.035054943033049145 0.048880731949183444 0.05093336538170794 0.06420218416174929 0.06971962136102043 0.08610953376840226 0.13695338696979967 0.8763631164280345
231 2310 0.030002523151733622 0.8772500840034142 0.034747476896956085 0.034747476896956085 0.048153884957299456 0.05206417277256514 0.06154821820130909 0.06561638561745343 0.08564486731322321 0.13859394778719597 0.8772500840034142
232 2320 0.030741736507750417 0.8641073439253261 0.03430842018557568 0.03430842018557568 0.04853967535411791 0.051519039162507566 0.060234630757109275 0.062415677339903185 0.08359601108718975 0.13784687213238198 0.8641073439253261
233 2330 0.0333395171566732 0.8755628430951627 0.035739918724072006 0.035739918724072006 0.04867320996260853 0.04933627334825872 0.05920091740340791 0.06196842108449283 0.08311733262828461 0.13643171999244919 0.8755628430951627
234 2340 0.03688363217315837 0.9527677308276522 0.03516848177671073 0.03516848177671073 0.04660056246531949 0.04740078554247361 0.059061916293228434 0.06148811408600877 0.08596865564708431 0.133095255580311 0.9527677308276522
235 2350 0.03283808579514754 1.0117695122625228 0.0346766838263881 0.0346766838263881 0.043770800535396545 0.0466357147967266 0.05766123859277027 0.06208752531648531 0.08652532328196674 0.13281563233110336 1.0117695122625228
236 2360 0.030057452411281962 1.0107887227211945 0.03351541718389074 0.03351541718389074 0.04267107736634758 0.04598942014887737 0.05744847895362428 0.06047591110886208 0.08558907067295993 0.13235504964488423 1.0107887227211945
237 2370 0.031243976020323534 0.9855152213549895 0.033130323922947805 0.033130323922947805 0.041612760469927616 0.04563611815757947 0.05792325432117277 0.0591422603170689 0.08622853487978192 0.12352375643909391 0.9855152213549895
238 2380 0.03300405683178112 0.9370468071759321 0.03308634149670262 0.03308634149670262 0.04116364960667261 0.0463102376700404 0.05487587165468155 0.06122975015142549 0.08688488997394754 0.13386537671440443 0.9370468071759321
239 2390 0.03361822212931876 0.9534682287704261 0.03272775287075771 0.03272775287075771 0.03983129666910526 0.04664042899473576 0.054367571151751774 0.06079345791677065 0.08380547134560849 0.13352744168633326 0.9534682287704261
240 2400 0.03455336652244308 0.9839472373508996 0.03339842702943071 0.03339842702943071 0.03915808738274154 0.04640720569749303 0.05315352045883914 0.05873645789836394 0.08334385476058111 0.12619731730667624 0.9839472373508996
241 2410 0.03096853446210487 0.9734158935093483 0.03249515632038703 0.03249515632038703 0.038285687825397284 0.04568098341353341 0.05320122477454972 0.058350367223638906 0.08148229480180827 0.13104755630705664 0.9734158935093483
242 2420 0.030467325031266243 0.9489758557082788 0.03133463249418402 0.03133463249418402 0.03815866599392405 0.04469533893247435 0.051556481209110196 0.0571209716427168 0.08012289636588593 0.13387488276052417 0.9489758557082788
243 2430 0.030292667272372335 0.9607767816648086 0.032831511667093735 0.032831511667093735 0.03805783660217101 0.04292652343302414 0.05127297297703479 0.05701608589680042 0.07638300738597036 0.13245554847621271 0.9607767816648086
244 2440 0.03164964957081821 0.9870265113538942 0.032489692950652405 0.032489692950652405 0.03586840609284024 0.043003440451541225 0.050185562529224244 0.057443978696451216 0.07611059983379065 0.12901494620241352 0.9870265113538942
245 2450 0.03006863473633178 1.0331638565338328 0.03238087557663264 0.03238087557663264 0.03613160315751635 0.04024344141754692 0.04846752045034156 0.05883425109688496 0.0766217960182543 0.12640428349554625 1.0331638565338328
246 2460 0.027563551157372853 1.0677969306084303 0.031248605987292007 0.031248605987292007 0.03537224794676464 0.04016789577064845 0.04691931623747468 0.0572828893183087 0.07446329083054196 0.12424509570522546 1.0677969306084303
247 2470 0.026643602243638376 1.066315436138444 0.031110846554026093 0.031110846554026093 0.033364286158762586 0.0393752564864284 0.04640771709627207 0.05619470795144079 0.07412523447830395 0.11997007255032285 1.066315436138444
248 2480 0.026984000586002053 1.08277183492328 0.03001636098057909 0.03001636098057909 0.03158596890132416 0.03872347805923936 0.04479212090023063 0.05608557553292998 0.0741402258028069 0.12128033190084157 1.08277183492328
249 2490 0.025188180082401066 1.100457847879415 0.029889870390664805 0.029889870390664805 0.03192827277805892 0.03680734922093018 0.045552891505656744 0.05624256834677877 0.07253600203012149 0.11883834586871284 1.100457847879415
250 2500 0.024130500795361273 1.066834644947237 0.029504303080475473 0.029504303080475473 0.031556060767063306 0.03668620038678329 0.04580423913591488 0.0537151181622758 0.07153319110109219 0.12074919326959109 1.066834644947237
251 2510 0.02497154096515541 1.0504978591547134 0.02919615556611864 0.02919615556611864 0.030592943584146826 0.03614514391271193 0.04504148654694555 0.052770699794537274 0.07157245936550789 0.11971510471003013 1.0504978591547134
252 2520 0.024361378680211328 1.0700300903771156 0.028755727048238464 0.028755727048238464 0.0312835498160762 0.036243864186985185 0.04413862700435892 0.050464286793449185 0.07096383425050522 0.11776256488568915 1.0700300903771156
253 2530 0.022688983190017227 1.074941910868816 0.02801345503765333 0.02801345503765333 0.03115438202741282 0.03610674275408257 0.04267233092088257 0.049148163223730404 0.07156723357878837 0.1143106068090767 1.074941910868816
254 2540 0.02137997028702249 1.0685195097942277 0.02829397318351686 0.02829397318351686 0.03050787318346713 0.03503249583119159 0.04200587746629192 0.046932802446800405 0.07128394444145864 0.11226059447156903 1.0685195097942277
255 2550 0.02469639926408917 1.0815142556066952 0.02731037182314578 0.02731037182314578 0.030049561416937216 0.03414878485037324 0.042215180483691835 0.04629604990859311 0.06823252371060681 0.11098402612747298 1.0815142556066952
256 2560 0.025298153127734615 1.221866827377882 0.026978230133412245 0.026978230133412245 0.030154763753680543 0.03371387967271166 0.04168613003032171 0.04892671942046012 0.06693710193308919 0.10918725503655669 1.221866827377882
257 2570 0.023938420380276857 1.2156543686202275 0.02704148298009081 0.02704148298009081 0.029501680845888667 0.03287509946669156 0.04126886707973592 0.048952012712714085 0.06518478465583702 0.1078016192979065 1.2156543686202275
258 2580 0.021985760008071713 1.2398478128269514 0.026004483958584106 0.026004483958584106 0.029125215384671752 0.03284257297169405 0.04032174947380947 0.048248066263834995 0.06303361139246431 0.1063703857447385 1.2398478128269514
259 2590 0.020873701488127817 1.241751591916473 0.025922816408301387 0.025922816408301387 0.029480537068359285 0.03290845848013573 0.03974519252429456 0.04619716328314679 0.062017187043511106 0.10124192213643081 1.241751591916473
260 2600 0.020538591207524895 1.203140642708332 0.026313736951263152 0.026313736951263152 0.0291238324176547 0.031415008727974834 0.03721673481660204 0.047627090915031846 0.061871149568937286 0.1023099220977682 1.203140642708332
261 2610 0.02224581639890464 1.225501162117645 0.025513375145152468 0.025513375145152468 0.02797891906900322 0.031324315731190024 0.03643674506779461 0.048383924301673174 0.06110607548517896 0.10114625218357733 1.225501162117645
262 2620 0.021305647644037074 1.2563843415652998 0.02596825987397068 0.02596825987397068 0.027704642305701434 0.03117980719043812 0.03506083750602208 0.05013882810708476 0.0602598242953527 0.09652948395099736 1.2563843415652998
263 2630 0.02130417113130276 1.230397549728467 0.025453014989087048 0.025453014989087048 0.02704658381539723 0.030700091380955953 0.03487223743424733 0.05091629794698476 0.05845358362768629 0.09778900724132333 1.230397549728467
264 2640 0.021746219381723737 1.1576938655177695 0.025643568774257754 0.025643568774257754 0.026667848886728525 0.030340119455829265 0.03446481841641268 0.053671399416003636 0.059389516324053294 0.09692823616955952 1.1576938655177695
265 2650 0.021812636051920953 1.1744055023205622 0.024807026816598365 0.024807026816598365 0.026343783991760347 0.03215272383079774 0.03421338019931851 0.05302361386229645 0.058235271408382895 0.09574747891928705 1.1744055023205622
266 2660 0.019990733653266198 1.1288940463738975 0.02460494092547312 0.02460494092547312 0.025248552945811627 0.0327015495090023 0.034083293383797925 0.05201108429775373 0.05929709146567064 0.09464502664418091 1.1288940463738975
267 2670 0.0175148463843178 1.1113908603212714 0.023616474986582654 0.023616474986582654 0.025422846977973666 0.03261619803676193 0.032958999724416065 0.05171827013556708 0.056909629660504994 0.09307136247662476 1.1113908603212714
268 2680 0.01606347526917005 1.0965678380987784 0.023044008102965127 0.023044008102965127 0.02482355881901705 0.03263296531468963 0.033597954289689314 0.050152929812580675 0.05606834934622809 0.0896801786757349 1.0965678380987784
269 2690 0.01649385815533155 1.097010285070801 0.021959592671176833 0.021959592671176833 0.02501326862911967 0.03100494326920131 0.03386387628539982 0.049518371199216836 0.05588552223851347 0.08934037403912787 1.097010285070801
270 2700 0.016275613452680512 1.0732610865637546 0.023857437648377215 0.023857437648377215 0.025350797872701825 0.028092051070925602 0.03298542706733642 0.04990395327735172 0.05625350758771231 0.08807952011982235 1.0732610865637546
271 2710 0.015792904256362886 1.0725230344112255 0.02417418444219819 0.02417418444219819 0.025029289315374965 0.02792910512977327 0.033064339154970444 0.048101138203251174 0.054956722431993295 0.08349215617890315 1.0725230344112255
272 2720 0.016017171454501232 1.0745524342368833 0.02393842085760116 0.02393842085760116 0.025277046635548164 0.026617039082888334 0.03254236618771289 0.04735951202612255 0.05487605633079769 0.08158570076391972 1.0745524342368833
273 2730 0.01678220863115168 1.062242211547508 0.02390096064586196 0.02390096064586196 0.025192793076475994 0.027503992733587654 0.032882118367231476 0.045676842034302535 0.05348393853313433 0.08212011003853589 1.062242211547508
274 2740 0.018508977754451757 1.0310683852889693 0.02251811858906738 0.02251811858906738 0.025877729257473222 0.028895628278324193 0.03289259404458677 0.04471319384431604 0.05445267642319012 0.08101879693647088 1.0310683852889693
275 2750 0.01810405914125257 1.0196499995032904 0.02282920943004231 0.02282920943004231 0.02570630647598369 0.029534892205098293 0.03203733570011605 0.04433640635647657 0.0535815691535127 0.08379518192672467 1.0196499995032904
276 2760 0.01694589829227551 1.018161513214001 0.023056712902191034 0.023056712902191034 0.025439306744108832 0.02871455078315133 0.03129294138789936 0.04332369882682288 0.0536205819258014 0.08402654751037177 1.018161513214001
277 2770 0.016268374682065437 0.9839894494314406 0.022434893685483768 0.022434893685483768 0.025570633975340772 0.027772495733918927 0.031220457403348157 0.04223447281664572 0.05298994571845281 0.08366860496861038 0.9839894494314406
278 2780 0.015978035663422197 0.9863439906070935 0.022225516630280495 0.022225516630280495 0.025185407723655396 0.026871701154957094 0.030461531973040103 0.039992814252850714 0.05363174701167206 0.08320982209399251 0.9863439906070935
279 2790 0.017101353024720295 0.9772664641495672 0.021626602044190462 0.021626602044190462 0.02430104113906735 0.026453677136357972 0.03054436824348319 0.03980524829419699 0.053467178169952854 0.08097591506311863 0.9772664641495672
280 2800 0.01658840070956663 1.0080231831721447 0.021285192976847132 0.021285192976847132 0.02459678272590999 0.027554216672818595 0.030306164700343714 0.03676476302625098 0.053023634591072656 0.0813588828661024 1.0080231831721447
281 2810 0.013985705155142353 1.0093149228410012 0.021358708069482937 0.021358708069482937 0.024591549050784037 0.026547924813521386 0.029541572406957484 0.03634683333639141 0.052716633261495165 0.07962475598539576 1.0093149228410012
282 2820 0.012872613150748296 0.9574290681237491 0.021301998687297676 0.021301998687297676 0.023837105281298076 0.02711826076858347 0.0291416499002874 0.03647839662690989 0.05052617081230645 0.07871816874871015 0.9574290681237491
283 2830 0.011819619106105152 0.9882489474194334 0.02034495240008536 0.02034495240008536 0.0238537700397569 0.0264041848535266 0.02774385361132362 0.03508474821007709 0.05097723454753435 0.07864741073537583 0.9882489474194334
284 2840 0.010409871934076375 0.9765062186694953 0.02019197674237259 0.02019197674237259 0.0238640475278649 0.02588885262214569 0.026659652523549737 0.03449490707096912 0.04961872860373882 0.077904160747975 0.9765062186694953
285 2850 0.009251970165945402 0.9744501300384799 0.020309636231096696 0.020309636231096696 0.023559745308553297 0.02589682982744755 0.02661655302849353 0.034657961132408335 0.0460158330163006 0.07394492291283297 0.9744501300384799
286 2860 0.008172402363976128 0.9720780663211491 0.019628746860363568 0.019628746860363568 0.023281713588141274 0.025502710894207598 0.02645244599009805 0.03479110932347595 0.04455327335472348 0.07090927120453334 0.9720780663211491
287 2870 0.0073883187378905105 0.9688630060009675 0.019175745991293316 0.019175745991293316 0.02269745418715951 0.02528762535378097 0.02550160700847533 0.03425037271518927 0.04416433469720378 0.06960305231149524 0.9688630060009675
288 2880 0.006945304054055202 0.9586416902491397 0.019186318812856994 0.019186318812856994 0.0222866066991827 0.02514498642931244 0.025627226412205086 0.03355632378745432 0.0421315654888354 0.06705085270696501 0.9586416902491397
289 2890 0.0060418357720562355 0.9704125491139179 0.019153608035514982 0.019153608035514982 0.021092302061203765 0.024072185592961936 0.025408997997304148 0.033367044960612484 0.04265087788793906 0.06677614258513014 0.9704125491139179
290 2900 0.005881449997320834 0.9351382786159123 0.018800901963756344 0.018800901963756344 0.020943134954033552 0.024011312715996592 0.024531631118037585 0.03337412995130578 0.04171623179701612 0.06483170669530557 0.9351382786159123
291 2910 0.006162500812699129 0.9590727337085897 0.018803226198476266 0.018803226198476266 0.020731894033815666 0.02360096042098775 0.024168592420283658 0.03152281977252347 0.0416500992063816 0.06533410324685225 0.9590727337085897
292 2920 0.006222912394865461 0.9531188461323331 0.01821903132833841 0.01821903132833841 0.01995403616677213 0.022763103778980737 0.025174438611874773 0.03243242188130637 0.04412915877503877 0.0635593141566039 0.9531188461323331
293 2930 0.005608294373538871 0.9338589851886203 0.018720814914834027 0.018720814914834027 0.01982507579836762 0.022407094558598156 0.024299364176706986 0.03259380735539341 0.043598898421159736 0.06330834194373054 0.9338589851886203
294 2940 0.005194106233006706 0.8939978985967771 0.018663317144665837 0.018663317144665837 0.019115894140165433 0.02186785914939275 0.023720733702191955 0.032614555785095554 0.042861033449825475 0.06278419250050957 0.8939978985967771
295 2950 0.004662194605567687 0.8947532886454311 0.018040741945715515 0.018040741945715515 0.0188802988430571 0.021355225517480803 0.023590806918608744 0.03232119321087393 0.040010226810221115 0.06401482480606596 0.8947532886454311
296 2960 0.004134800661286262 0.8732976017975803 0.017375163562085513 0.017375163562085513 0.019013603807239442 0.020993277793623786 0.023539154383245615 0.0313142256387897 0.03867418797215577 0.06506008311315649 0.8732976017975803
297 2970 0.00376025891074192 0.875342767989368 0.016772726084132102 0.016772726084132102 0.018733658117338126 0.021003602766131627 0.0226186766186081 0.031498985677025984 0.036903977658625416 0.06308819219259955 0.875342767989368
298 2980 0.0035141088257982923 0.8595543400458564 0.016770508884203818 0.016770508884203818 0.018661939788166233 0.020493420437941334 0.02150835312290746 0.03129283681383184 0.03636734574528235 0.06286878570042019 0.8595543400458564
299 2990 0.003537085305068274 0.8765495248189973 0.016758462752914375 0.016758462752914375 0.018266072892352932 0.01974504564801121 0.021029127043893616 0.030799751177617494 0.03540029705166648 0.0609000875895783 0.8765495248189973
300 3000 0.0031644950998061094 0.888271938554731 0.016867118830690205 0.016867118830690205 0.018017287719577432 0.02000927628039049 0.02056526851101303 0.02916765123591181 0.035908228269707916 0.06077894153131066 0.888271938554731
301 3010 0.0027919536326816473 0.8907535658154998 0.016819695094517605 0.016819695094517605 0.017499775624724545 0.019647179211557328 0.020571288506758025 0.027682991188649166 0.03562554805158501 0.05853823634971187 0.8907535658154998
302 3020 0.0023182561389277316 0.873600113237953 0.0160499108644748 0.0160499108644748 0.01737108853366802 0.019322539122109853 0.019876897390947713 0.026552853735686815 0.035783660263574324 0.058314255790953125 0.873600113237953
303 3030 0.0021155507271200303 0.8128811367879042 0.015561744180374096 0.015561744180374096 0.017086230486378744 0.019031306355510556 0.019641964610035492 0.026575951453232355 0.036118080548669225 0.05745980965302117 0.8128811367879042
304 3040 0.00210946162532375 0.7649783271831305 0.01541887305213636 0.01541887305213636 0.016416106153774708 0.019459904404355615 0.01999789618155915 0.025741737443074477 0.03612669606819176 0.05724743629444589 0.7649783271831305
305 3050 0.002165173800452096 0.7402965316101505 0.01566802142810276 0.01566802142810276 0.0163337059730213 0.019274545055647255 0.020146199473619064 0.02497535973193721 0.03649053032940239 0.056331964418073074 0.7402965316101505
306 3060 0.0020124836332216438 0.7627422113068423 0.01480969746357006 0.01480969746357006 0.01602702467955985 0.019520550031176823 0.02025796214493938 0.025201089462387565 0.036871903433165445 0.05565796999896383 0.7627422113068423
307 3070 0.0018224621799824323 0.7328262774988897 0.014475145327750082 0.014475145327750082 0.015393306969981662 0.01969488917581025 0.02005244931182731 0.02520806670056564 0.036328774032215946 0.05366218932155732 0.7328262774988897
308 3080 0.0016325744754189964 0.7151334718559295 0.01406465944179182 0.01406465944179182 0.01527088168485765 0.019802735202708616 0.02000569629847308 0.024205460388529634 0.035678605519420634 0.05133135046194782 0.7151334718559295
309 3090 0.001726269203866154 0.7317772490096901 0.013945598221450384 0.013945598221450384 0.014709661246613966 0.01808967956568553 0.02004649499972427 0.023886222020460868 0.035597904723488526 0.051201430260352454 0.7317772490096901
310 3100 0.0017541127823806006 0.7623836303461868 0.013499660981802511 0.013499660981802511 0.014530181301219762 0.018179985024710354 0.01976597173459462 0.02509388129769081 0.03557610667854518 0.051379161925321985 0.7623836303461868
311 3110 0.0015690115474196686 0.7651481658455959 0.013279552772650794 0.013279552772650794 0.015191617586590938 0.017491632863085364 0.018821104096669587 0.02552217927004306 0.03544623101695282 0.04993605440683347 0.7651481658455959
312 3120 0.0014599896796914007 0.7535866787439185 0.012923969595740234 0.012923969595740234 0.015333992155900924 0.016630622880367325 0.01864124029811176 0.025250205504184945 0.03477644744327321 0.04798663753335767 0.7535866787439185
313 3130 0.0013097425298370972 0.7413179327666769 0.012753623710765181 0.012753623710765181 0.015236929248217802 0.016335183209335434 0.018507849082334073 0.025292485044580676 0.033397692615447186 0.04658852689010698 0.7413179327666769
314 3140 0.0011752440305209107 0.7197773263859505 0.012152377790480732 0.012152377790480732 0.014402504918011082 0.01613933934506621 0.018483723531634525 0.025226274412902365 0.03311926195020013 0.04710374819568356 0.7197773263859505
315 3150 0.001050548163282384 0.7114124238573373 0.01177012982780502 0.01177012982780502 0.013671462355163644 0.016439685926268953 0.018379179754346324 0.02502856354418022 0.032526926710682746 0.046179512788521525 0.7114124238573373
316 3160 0.000927882597084018 0.7271952268363666 0.011740299494782754 0.011740299494782754 0.013529339867891661 0.01528168880308141 0.017864914191585375 0.024535786342270983 0.03278626084447239 0.04526825094211634 0.7271952268363666
317 3170 0.0008956898387914844 0.7326969489038597 0.011616389977804203 0.011616389977804203 0.012731370998266553 0.01538788099142607 0.016842578543090462 0.023878628053391898 0.03309185853444158 0.04470535272876316 0.7326969489038597
318 3180 0.000874589099452175 0.7280748312743214 0.011691563020553726 0.011691563020553726 0.012913259481785042 0.015493768692417626 0.016709048631773686 0.023831193825988976 0.03247761959415947 0.04198533022536226 0.7280748312743214
319 3190 0.0008013158916432193 0.71258887982856 0.01125254441121549 0.01125254441121549 0.012821317338622235 0.015452225620379121 0.01622316407414938 0.024059042911390778 0.03198043854398385 0.04118520889575884 0.71258887982856
320 3200 0.0007704082086042922 0.6490518242743386 0.011207249940611265 0.011207249940611265 0.01300047526208705 0.015107365337501826 0.016029654306897168 0.024228165767379514 0.03178487021492846 0.0400255477939852 0.6490518242743386
321 3210 0.0007716290117638545 0.6483564007676154 0.011093786552308242 0.011093786552308242 0.012905112807929114 0.01512862151060948 0.016104827270305006 0.024126574406979514 0.03112525495449007 0.039034890815702716 0.6483564007676154
322 3220 0.0008024493133932041 0.6413240954563195 0.01155247043903725 0.01155247043903725 0.012944272710467698 0.014553879767967568 0.015732065290432844 0.023265463845922388 0.03013061544285128 0.039485086727190165 0.6413240954563195
323 3230 0.00067852514787116 0.6383297029469431 0.011769612681520231 0.011769612681520231 0.012569560354404614 0.014288455923117402 0.015756050896281355 0.022935103825498074 0.029322597169710255 0.038824605633576086 0.6383297029469431
324 3240 0.000662291101463811 0.6239781263519666 0.011654160139260458 0.011654160139260458 0.01219347343495833 0.014433638304518447 0.015676623104471158 0.021996503556877565 0.028652079259745094 0.03819402899152897 0.6239781263519666
325 3250 0.0006574248008954417 0.6226503289589115 0.011536174447169147 0.011536174447169147 0.012421897975584672 0.014384603684354078 0.014781487990789328 0.02172425309290876 0.028451973442740867 0.03781366413769908 0.6226503289589115
326 3260 0.0005874271978942668 0.6301838311650044 0.011301087389169313 0.011301087389169313 0.012418396077853841 0.014319466457241062 0.014822637066843626 0.021166951325329926 0.027404413518521294 0.037002694962960075 0.6301838311650044
327 3270 0.0005523946683256412 0.6420234648099934 0.011167788218453338 0.011167788218453338 0.012315972793698948 0.013756301600118755 0.014521444381450598 0.019875934168313677 0.027403282401310434 0.036861074689376654 0.6420234648099934
328 3280 0.000491927520220634 0.6468244869775753 0.011166880420899545 0.011166880420899545 0.012027022163793973 0.013559229185996871 0.014655966850516509 0.02061857891746741 0.025452657066096656 0.03621726486947593 0.6468244869775753
329 3290 0.000466844437860374 0.6465551101592788 0.011052939121898229 0.011052939121898229 0.011550373993969108 0.013306977113914074 0.014032133532493744 0.020714784024090254 0.024773131409558963 0.03669619743336308 0.6465551101592788
330 3300 0.0004645124191072094 0.6502817845668868 0.010163391958018549 0.010163391958018549 0.01159789365558783 0.01336277472927563 0.013664794912693918 0.02141660355620645 0.024574141428628356 0.03613589997381452 0.6502817845668868
331 3310 0.0004409192817395741 0.6546319265151505 0.010305056217130092 0.010305056217130092 0.012070886639475606 0.013147488893237863 0.01367843254270598 0.020999539310526998 0.023932096635990913 0.03551731993813655 0.6546319265151505
332 3320 0.0004165767097272658 0.6409024355525018 0.009745958302298342 0.009745958302298342 0.011896809163097292 0.013204238582135337 0.013688320978142892 0.021412491311066314 0.023873062085634923 0.034954470941517046 0.6409024355525018
333 3330 0.00035335705855671086 0.6381876525265171 0.009469851047438868 0.009469851047438868 0.011673291676429085 0.012990121410175925 0.013952025600727336 0.02178645869789536 0.02347260673555177 0.03157108060010208 0.6381876525265171
334 3340 0.0003122526983608017 0.6040349518831201 0.00953506664512663 0.00953506664512663 0.011267549556833116 0.012770890698911751 0.013938837812545093 0.020741571170665923 0.023333507963131862 0.031376439073468376 0.6040349518831201
335 3350 0.0002779458273392524 0.6035697336517063 0.009203734007274008 0.009203734007274008 0.01135971575851251 0.012306140662052524 0.013970255101413484 0.019973067481656 0.02226662858206917 0.03155257249046533 0.6035697336517063
336 3360 0.0002824524217749384 0.578219829273848 0.009002577915200777 0.009002577915200777 0.011242662502754887 0.012125980098659332 0.013792316669166816 0.0198138794166475 0.021729531366453576 0.03180302889217247 0.578219829273848
337 3370 0.0002509277589958868 0.5897966759492859 0.008863925515900838 0.008863925515900838 0.011280032223688933 0.01214543325024539 0.013491324618945628 0.020081633214793976 0.02177985480361083 0.030865639541244348 0.5897966759492859
338 3380 0.0002422521511206749 0.5757515228121751 0.008669324507812215 0.008669324507812215 0.011058985268364007 0.012195980812751441 0.012958780662014797 0.02000990806980247 0.021195438169724815 0.03064627480226994 0.5757515228121751
339 3390 0.00023525946085103323 0.5845002126932509 0.008520224123150686 0.008520224123150686 0.010994941193291684 0.01226100773020819 0.012875471570242922 0.01937405244780927 0.020952696074799517 0.02882726221071427 0.5845002126932509
340 3400 0.00024488860979864703 0.6145204055656326 0.008654947221190786 0.008654947221190786 0.010712361890452916 0.012100848217589048 0.012782593577684673 0.01924482060872375 0.019588473532465785 0.028628757332565244 0.6145204055656326
341 3410 0.00023191913326324573 0.6159418384763928 0.008879936468929973 0.008879936468929973 0.010450671490775968 0.011969726778536272 0.012410349641756475 0.01867573062064861 0.019853852694689745 0.028203637566952953 0.6159418384763928
342 3420 0.00020402031743839769 0.6169105079855088 0.008667256628810575 0.008667256628810575 0.009641725616316016 0.01204418687285407 0.012347466559130762 0.01846407408411562 0.01949040866415324 0.028120309218315067 0.6169105079855088
343 3430 0.00016990378928641116 0.6198966003356758 0.008400186011530664 0.008400186011530664 0.00917648893746919 0.011841956588396188 0.01235826086616559 0.018274673045381645 0.018640386610966654 0.02729321469500994 0.6198966003356758
344 3440 0.0001465155704814168 0.6078153520159639 0.00847554236051017 0.00847554236051017 0.009010410296104466 0.011857394411031752 0.012219578200524727 0.017169362575120018 0.018455759671780116 0.026500124875214266 0.6078153520159639
345 3450 0.00013228959062422567 0.6185714284631701 0.008237555143712364 0.008237555143712364 0.009068430479709472 0.01128307293158715 0.012039351601198208 0.01685329914494918 0.018322594554185296 0.02650385338004844 0.6185714284631701
346 3460 0.00011219401308281904 0.6216481553094695 0.007814464675253895 0.007814464675253895 0.009056446880196268 0.011202275335301404 0.012014477897108088 0.01680177110917748 0.017908184696945672 0.02515327429808824 0.6216481553094695
347 3470 0.0001022480818356173 0.6217381881692581 0.0075620977324193026 0.0075620977324193026 0.008942137100954475 0.010744070426007968 0.011513755103688614 0.016252623873765488 0.01778026019935378 0.02524102285965635 0.6217381881692581
348 3480 9.696340213735666e-05 0.6058012332018661 0.007418762437711029 0.007418762437711029 0.0087707108673891 0.01075242634962766 0.011445588474811622 0.01590707799770164 0.017665577394989817 0.024493193296635914 0.6058012332018661
349 3490 9.133384477743522e-05 0.6001135088086685 0.0072582808785247605 0.0072582808785247605 0.008815374846698771 0.010976995842973607 0.01142263565511284 0.01565691292112524 0.016768526198751996 0.02312078761316624 0.6001135088086685
350 3500 7.93725865755758e-05 0.6011403828645707 0.007120436783831415 0.007120436783831415 0.00849416670595749 0.010864805240750446 0.011327979379167033 0.015145677111071428 0.017057629619680454 0.022722228633417205 0.6011403828645707
351 3510 6.896986507745315e-05 0.6024251578508149 0.006994961827012574 0.006994961827012574 0.008265032249826179 0.01058201897547313 0.011342142397960322 0.014397055248517563 0.017283959770280827 0.022408132633118458 0.6024251578508149
352 3520 6.619146966751292e-05 0.5979640781796404 0.006855745579386632 0.006855745579386632 0.008191281018174162 0.010561266885321831 0.011069370533757226 0.013664623722571228 0.01697138843909252 0.02199275080298583 0.5979640781796404
353 3530 6.205838116833067e-05 0.5676198392046709 0.0070243766376899405 0.0070243766376899405 0.008053080529612051 0.01013824102889546 0.011213917625719619 0.013687847979305317 0.01693878455910129 0.021576069435247185 0.5676198392046709
354 3540 6.410404849886346e-05 0.5510603648313974 0.007027446366545793 0.007027446366545793 0.007679264593215971 0.010149852467612377 0.010584876106005267 0.014126794538416566 0.016723019536637608 0.021545672652417802 0.5510603648313974
355 3550 6.217175000846325e-05 0.5324055287596503 0.006998063628580715 0.006998063628580715 0.008193393162693791 0.009957794998549346 0.010415266154783423 0.013005426915229159 0.016515550632115163 0.024159626498188844 0.5324055287596503
356 3560 5.8994682261611015e-05 0.5345904319364007 0.006792817062649907 0.006792817062649907 0.008168901303939352 0.009686780934912547 0.010104041247171814 0.012832237461506054 0.016217619478018454 0.024134697980406867 0.5345904319364007
357 3570 5.6005735978181824e-05 0.5404000257526285 0.006412604873331493 0.006412604873331493 0.007935984351937188 0.009402197677592435 0.0098613132199556 0.01279227696721873 0.016364235563408457 0.02390460341976091 0.5404000257526285
358 3580 4.875176687755487e-05 0.531237635713126 0.006199875426242604 0.006199875426242604 0.007914149736202416 0.009378404849618589 0.00972558393211554 0.012305133298986927 0.01625129156884485 0.024209644031890683 0.531237635713126
359 3590 4.374038928676376e-05 0.5358755871446772 0.006108418367207974 0.006108418367207974 0.007621068629216048 0.00910986942593681 0.009549674221084792 0.01190299629289337 0.015995526771022665 0.023678409564776362 0.5358755871446772
360 3600 3.9872357030992526e-05 0.5389648009903981 0.005994341711922263 0.005994341711922263 0.00743277153713379 0.00889974319858215 0.009427256943929244 0.012245060187938736 0.014905247957262958 0.02378985099223357 0.5389648009903981
361 3610 3.6322802852033047e-05 0.5315936634532831 0.005976414783853891 0.005976414783853891 0.007336423564941414 0.008857487471013047 0.009255758286091145 0.01169416823891904 0.0148769310228741 0.022965761276292015 0.5315936634532831
362 3620 3.313414473014936e-05 0.4977773062410365 0.0058931925002111895 0.0058931925002111895 0.007101561140556196 0.008772382161702102 0.009292917878009564 0.01132331253139393 0.014965117523222262 0.02293956775923555 0.4977773062410365
363 3630 3.011739073608459e-05 0.47858154116726914 0.005770879496146749 0.005770879496146749 0.006966669460847397 0.008818107206164468 0.00915424294606982 0.010983702770443938 0.014828657248689819 0.02236710119839747 0.47858154116726914
364 3640 2.9427904482769533e-05 0.4689904706747339 0.005965160381943341 0.005965160381943341 0.006818389815596183 0.00877672252435572 0.00907071814861156 0.010706708382748276 0.014409720507681781 0.021510387471200477 0.4689904706747339
365 3650 2.69657177643522e-05 0.4364897134664647 0.0060104740842209705 0.0060104740842209705 0.006614448138535081 0.008772422106787463 0.00897667359582549 0.010816486036100153 0.013856911924694775 0.021658149147344832 0.4364897134664647
366 3660 2.5031533616712816e-05 0.4447137786938693 0.00577519546873413 0.00577519546873413 0.006345057773179666 0.00862308297443985 0.008801167174398791 0.010782485596363826 0.0141971869932649 0.021290802605238118 0.4447137786938693
367 3670 2.2405649569239106e-05 0.42527431049836134 0.005900211436278695 0.005900211436278695 0.006294432948575326 0.008446608709177555 0.008661642583192517 0.010399470041134532 0.014387523118559413 0.021517807975445658 0.42527431049836134
368 3680 1.9700073007491008e-05 0.4253322389878043 0.005857206735956525 0.005857206735956525 0.006233585548937392 0.008369339836343581 0.008685918206020228 0.010194353582541385 0.013296371986798183 0.021186294178323004 0.4253322389878043
369 3690 1.812989788239586e-05 0.4247149478151354 0.005685893370711384 0.005685893370711384 0.006074949803283573 0.007970873053305655 0.008786086726412122 0.010012500482175678 0.013117228498711662 0.021157921940070632 0.4247149478151354
370 3700 1.711855427568437e-05 0.41625010985029337 0.005586600967611119 0.005586600967611119 0.0059751085197265385 0.007857488373041939 0.008515543055297952 0.009648254508713977 0.013564581412404587 0.02119847438229664 0.41625010985029337
371 3710 1.6495863009261707e-05 0.41407112209328983 0.005374798280242671 0.005374798280242671 0.005907871303985332 0.007717420169086508 0.008060950066259143 0.00993273748805718 0.013423513184100464 0.021023703394334358 0.41407112209328983
372 3720 1.554187369417386e-05 0.4175102085725359 0.005335641858638281 0.005335641858638281 0.005689406017070635 0.0073245765497804505 0.008020424100666735 0.009641408476468579 0.013749331731697156 0.021006355314533657 0.4175102085725359
373 3730 1.4406837216203439e-05 0.40493927563696464 0.0051042592849054385 0.0051042592849054385 0.005536762501169066 0.0073160169860883185 0.00781328482118156 0.009751992902874604 0.013844474830724526 0.020793497961494753 0.40493927563696464
374 3740 1.3272030712560515e-05 0.4009320845134387 0.005233572596817472 0.005233572596817472 0.005626802160271114 0.006984676247645206 0.007372343237814226 0.009500098906095671 0.013542855052853178 0.02078278034699913 0.4009320845134387
375 3750 1.2321608622929374e-05 0.3958223596670278 0.00469728618893819 0.00469728618893819 0.005530619060556718 0.006974679233756195 0.007340764542424063 0.009452285555459685 0.013617130785515527 0.02087756384674187 0.3958223596670278
376 3760 1.1989573284496203e-05 0.3946477535036686 0.004717183017269597 0.004717183017269597 0.005394336315771671 0.006820194278109109 0.007243055339551085 0.009099918471109615 0.013291287091801331 0.020778565784066255 0.3946477535036686
377 3770 1.027439672869531e-05 0.38860060441119576 0.004694356381893238 0.004694356381893238 0.00521057057752544 0.006802685132435261 0.0074048619732984535 0.009179302093988692 0.013599922360286959 0.019606452099586082 0.38860060441119576
378 3780 8.947831419937879e-06 0.3620951072909004 0.00465932014964178 0.00465932014964178 0.005185648744313064 0.0067293566902268155 0.00732382046008062 0.009013116516342583 0.013124700666376917 0.01938953932516993 0.3620951072909004
379 3790 8.64801052521282e-06 0.3497933227045483 0.004580389545710085 0.004580389545710085 0.005125968594427495 0.006588366958984687 0.007259612805104154 0.008995739517794202 0.012704223721309338 0.01911982164935544 0.3497933227045483
380 3800 8.126395293499097e-06 0.3561718860952671 0.004567271862554514 0.004567271862554514 0.005140880501979162 0.006399646368730376 0.007281843426164403 0.00894314348413 0.012443043625832704 0.017848857688338975 0.3561718860952671
381 3810 7.258902943958332e-06 0.3372001594902803 0.004677642604781124 0.004677642604781124 0.005028348507047312 0.006301097406416055 0.007209577442496473 0.008890610677942359 0.011888385268106481 0.01766329260410045 0.3372001594902803
382 3820 7.15753042567908e-06 0.3342765035092781 0.004515537869016575 0.004515537869016575 0.005079321893289935 0.006295533345606658 0.007159427026971226 0.008799556043469384 0.011092011839661556 0.017170296390738242 0.3342765035092781
383 3830 6.983863784127753e-06 0.3263250951500327 0.004382010513380857 0.004382010513380857 0.0048551785295014365 0.00632045280739827 0.007177227674819393 0.008813298516850119 0.011302075877006821 0.016888671352793292 0.3263250951500327
384 3840 6.06405238232434e-06 0.3272218173622185 0.004388258771171043 0.004388258771171043 0.004873355113890788 0.0062603771758306965 0.007173054564437722 0.00866898939680104 0.011220070230384469 0.01598132678085765 0.3272218173622185
385 3850 5.545081108119469e-06 0.3244308616231865 0.004303624761574999 0.004303624761574999 0.004891484077959573 0.006325364577619667 0.006925072943308973 0.008435466995860261 0.010976791606032502 0.014857961813226227 0.3244308616231865
386 3860 5.275405428637717e-06 0.31718222914674526 0.00428076421331134 0.00428076421331134 0.004741814611234365 0.00616001476037616 0.0068546652250999745 0.008550186687056321 0.010709575287764077 0.014391671518596987 0.31718222914674526
387 3870 5.368588046582451e-06 0.3159796268409802 0.0041444086558563 0.0041444086558563 0.004700654447299953 0.006049355478345484 0.006740921597037822 0.008337960071507828 0.010717908282685642 0.014200110534400326 0.3159796268409802
388 3880 5.226509294024154e-06 0.30414095408661573 0.00413049833265324 0.00413049833265324 0.004810563125800732 0.005885023427365964 0.006762654600060426 0.008701085555268311 0.010497329748730057 0.014093202384413209 0.30414095408661573
389 3890 4.8820744170390305e-06 0.28741803495875756 0.004169518934666625 0.004169518934666625 0.004963060553989299 0.005832071034234557 0.006615437324675024 0.008649916542844726 0.010523857290585154 0.013564271949065914 0.28741803495875756
390 3900 4.5289069532374065e-06 0.2815340506727792 0.004275593873951823 0.004275593873951823 0.004666111885518231 0.005711035371528778 0.006568998962379624 0.008642314691998988 0.010526856847593913 0.013324009775406948 0.2815340506727792
391 3910 4.172579247917938e-06 0.2782267214912575 0.004213778090758762 0.004213778090758762 0.004719212703725333 0.0055995297547469965 0.006426098570730033 0.008133088424895461 0.010450043367124516 0.013396283368411598 0.2782267214912575
392 3920 3.654909521507176e-06 0.27157176693977614 0.004126548640193472 0.004126548640193472 0.0047080979690452334 0.005346034066137647 0.006345769141723992 0.008022561968179633 0.010543845230144264 0.013326267836023923 0.27157176693977614
393 3930 3.765095076971798e-06 0.26604974241027834 0.004027788510226621 0.004027788510226621 0.004700375899766262 0.005241155190374312 0.006200420880906183 0.007950263302428142 0.010505025282719486 0.013022412917533635 0.26604974241027834
394 3940 3.86812185940229e-06 0.26306713839852464 0.004188751491775645 0.004188751491775645 0.004830427407548951 0.00517772988296171 0.005829664606073945 0.007825316607571544 0.010532094220778398 0.013241311636692722 0.26306713839852464
395 3950 3.881497671464598e-06 0.2678180970010403 0.003981682271477642 0.003981682271477642 0.004923796147328296 0.005262755324934108 0.005505659625295608 0.007839225878313792 0.010493534851489674 0.013272387374382145 0.2678180970010403
396 3960 3.8119552729594038e-06 0.2692866003513433 0.003989814725984318 0.003989814725984318 0.004883163609386197 0.005247908071231228 0.005495212809935202 0.007686306741262407 0.010416649038814457 0.01284579058052831 0.2692866003513433
397 3970 3.815710937524087e-06 0.25711056156533935 0.003880705223091478 0.003880705223091478 0.0048482756641030755 0.005132431866877913 0.005650449840197496 0.007854176399234625 0.010395029613783637 0.01243273228710161 0.25711056156533935
398 3980 3.5768923691718636e-06 0.2568168095170834 0.003908337951313831 0.003908337951313831 0.00470515410229704 0.004983074156857219 0.005591047931804139 0.007772261021350286 0.010424116892851451 0.012255598901250782 0.2568168095170834
399 3990 3.34504475588756e-06 0.2507855228741962 0.0038963168833144957 0.0038963168833144957 0.004653601747316997 0.0047840795770534034 0.005449015355091654 0.0076375737772757255 0.01032008225040958 0.012361934668240034 0.2507855228741962
400 4000 3.2603451009106515e-06 0.24543977480443174 0.0038675335617168265 0.0038675335617168265 0.004594461670802338 0.0047827943786151435 0.005340391119771025 0.007591648695210199 0.010311044637262713 0.01195499329047629 0.24543977480443174
401 4010 2.8439579324311737e-06 0.2431379355026625 0.003705680524678914 0.003705680524678914 0.004593383957360415 0.00479640735276599 0.005434241348875739 0.00753063229081099 0.010056774189955108 0.012163156642638827 0.2431379355026625
402 4020 2.667320997788467e-06 0.23119099594882536 0.003742068890409343 0.003742068890409343 0.004307849342731876 0.00480562731097686 0.005507638243527955 0.007332804102904553 0.009889652692566786 0.011992050213554201 0.23119099594882536
403 4030 2.337334213579196e-06 0.24184250751994896 0.0037184966276341417 0.0037184966276341417 0.00416730750792269 0.004864097990792162 0.005137744608634663 0.0072713621667493305 0.00983798080852031 0.011617830461359157 0.24184250751994896
404 4040 2.2069662827447347e-06 0.23736680729818196 0.003512533946560764 0.003512533946560764 0.004144249674616851 0.004750429555221254 0.005147758490330475 0.007316953251959207 0.009717906410798149 0.011362512774271336 0.23736680729818196
405 4050 2.311460449146567e-06 0.23253340417521245 0.00349796463809671 0.00349796463809671 0.0040242388267129805 0.004662426526840869 0.005083139202756712 0.007120148624771363 0.009754202504812166 0.011351128844325454 0.23253340417521245
406 4060 2.2174781128790103e-06 0.2314634536141864 0.0035277223831174133 0.0035277223831174133 0.0037001225187915693 0.004808855920713868 0.005332333472004123 0.006992571558517134 0.009667915880658818 0.011385809591054955 0.2314634536141864
407 4070 2.0481187023931785e-06 0.23105176855513374 0.0034588351597472666 0.0034588351597472666 0.003650551277294092 0.004638792467378336 0.005206609447800685 0.006910419076155657 0.008889364604346136 0.0118277329789294 0.23105176855513374
408 4080 1.8734553047409372e-06 0.22590913810379093 0.003530984396109214 0.003530984396109214 0.003618327708867937 0.0046201219034045045 0.004905812900143394 0.006726929749670136 0.008836794633314656 0.011771093254957583 0.22590913810379093
409 4090 1.7205800991267538e-06 0.2196861792949106 0.003476986823742905 0.003476986823742905 0.0036456513206632006 0.004599775290000516 0.004672888299031355 0.006262509542337684 0.008795036374532399 0.011981514329253403 0.2196861792949106
410 4100 1.5614637885051456e-06 0.22024703310159663 0.003181869489049622 0.003181869489049622 0.003460380840255049 0.004588131527992986 0.004781419775027828 0.006269288794211824 0.008873329012363224 0.01192703349493236 0.22024703310159663
411 4110 1.35960557378108e-06 0.21496370003543033 0.003129927921599573 0.003129927921599573 0.003407640739635633 0.004526395384447784 0.00469131680363789 0.006176892949597651 0.00859067363891771 0.01170704267001233 0.21496370003543033
