% # columns="iteration, evaluation, min max(neg(.)) min(pos(.)) max correlation, correlation matrix principle axes lengths  (sorted square roots of eigenvalues of correlation matrix)", seed=1036562, Wed Dec  8 15:42:40 2021
1 10 -0.06859088664226412 -0.02831855737053739 0.017226246078685482 0.038667923810799976 0.9390203614336474 0.9698759526616143 0.9808243553694359 0.9857251962794189 0.9915650603443977 1.0114016393782987 1.0330332975525864 1.0819512372147422
2 20 -0.06859088664226412 -0.02831855737053739 0.017226246078685482 0.038667923810799976 0.9390203614336474 0.9698759526616143 0.9808243553694359 0.9857251962794189 0.9915650603443977 1.0114016393782987 1.0330332975525864 1.0819512372147422
3 30 -0.06859088664226412 -0.02831855737053739 0.017226246078685482 0.038667923810799976 0.9390203614336474 0.9698759526616143 0.9808243553694359 0.9857251962794189 0.9915650603443977 1.0114016393782987 1.0330332975525864 1.0819512372147422
4 40 -0.06859088664226412 -0.02831855737053739 0.017226246078685482 0.038667923810799976 0.9390203614336474 0.9698759526616143 0.9808243553694359 0.9857251962794189 0.9915650603443977 1.0114016393782987 1.0330332975525864 1.0819512372147422
5 50 -0.06859088664226412 -0.02831855737053739 0.017226246078685482 0.038667923810799976 0.9390203614336474 0.9698759526616143 0.9808243553694359 0.9857251962794189 0.9915650603443977 1.0114016393782987 1.0330332975525864 1.0819512372147422
6 60 -0.06859088664226412 -0.02831855737053739 0.017226246078685482 0.038667923810799976 0.9390203614336474 0.9698759526616143 0.9808243553694359 0.9857251962794189 0.9915650603443977 1.0114016393782987 1.0330332975525864 1.0819512372147422
7 70 -0.06859088664226412 -0.02831855737053739 0.017226246078685482 0.038667923810799976 0.9390203614336474 0.9698759526616143 0.9808243553694359 0.9857251962794189 0.9915650603443977 1.0114016393782987 1.0330332975525864 1.0819512372147422
8 80 -0.06859088664226412 -0.02831855737053739 0.017226246078685482 0.038667923810799976 0.9390203614336474 0.9698759526616143 0.9808243553694359 0.9857251962794189 0.9915650603443977 1.0114016393782987 1.0330332975525864 1.0819512372147422
9 90 -0.2977083963781144 -0.0813763742498427 0.06790267159310823 0.23489176597110034 0.6792760334321016 0.8904676569056682 0.8980512444566401 0.9127384168044265 1.0106547832016703 1.0925577787368332 1.159877858279298 1.2432384044967235
10 100 -0.2977083963781144 -0.0813763742498427 0.06790267159310823 0.23489176597110034 0.6792760334321016 0.8904676569056682 0.8980512444566401 0.9127384168044265 1.0106547832016703 1.0925577787368332 1.159877858279298 1.2432384044967235
11 110 -0.2977083963781144 -0.0813763742498427 0.06790267159310823 0.23489176597110034 0.6792760334321016 0.8904676569056682 0.8980512444566401 0.9127384168044265 1.0106547832016703 1.0925577787368332 1.159877858279298 1.2432384044967235
12 120 -0.2977083963781144 -0.0813763742498427 0.06790267159310823 0.23489176597110034 0.6792760334321016 0.8904676569056682 0.8980512444566401 0.9127384168044265 1.0106547832016703 1.0925577787368332 1.159877858279298 1.2432384044967235
13 130 -0.2977083963781144 -0.0813763742498427 0.06790267159310823 0.23489176597110034 0.6792760334321016 0.8904676569056682 0.8980512444566401 0.9127384168044265 1.0106547832016703 1.0925577787368332 1.159877858279298 1.2432384044967235
14 140 -0.2977083963781144 -0.0813763742498427 0.06790267159310823 0.23489176597110034 0.6792760334321016 0.8904676569056682 0.8980512444566401 0.9127384168044265 1.0106547832016703 1.0925577787368332 1.159877858279298 1.2432384044967235
15 150 -0.2977083963781144 -0.0813763742498427 0.06790267159310823 0.23489176597110034 0.6792760334321016 0.8904676569056682 0.8980512444566401 0.9127384168044265 1.0106547832016703 1.0925577787368332 1.159877858279298 1.2432384044967235
16 160 -0.2977083963781144 -0.0813763742498427 0.06790267159310823 0.23489176597110034 0.6792760334321016 0.8904676569056682 0.8980512444566401 0.9127384168044265 1.0106547832016703 1.0925577787368332 1.159877858279298 1.2432384044967235
17 170 -0.21143743220531996 -0.13471809297634763 0.04298748573072918 0.2492654860481267 0.6948461127737459 0.7937129495925863 0.9202876961383866 0.9601347324424426 1.0246766857497027 1.1100988746438827 1.1333169302767325 1.2456851122373354
18 180 -0.21143743220531996 -0.13471809297634763 0.04298748573072918 0.2492654860481267 0.6948461127737459 0.7937129495925863 0.9202876961383866 0.9601347324424426 1.0246766857497027 1.1100988746438827 1.1333169302767325 1.2456851122373354
19 190 -0.21143743220531996 -0.13471809297634763 0.04298748573072918 0.2492654860481267 0.6948461127737459 0.7937129495925863 0.9202876961383866 0.9601347324424426 1.0246766857497027 1.1100988746438827 1.1333169302767325 1.2456851122373354
20 200 -0.21143743220531996 -0.13471809297634763 0.04298748573072918 0.2492654860481267 0.6948461127737459 0.7937129495925863 0.9202876961383866 0.9601347324424426 1.0246766857497027 1.1100988746438827 1.1333169302767325 1.2456851122373354
21 210 -0.21143743220531996 -0.13471809297634763 0.04298748573072918 0.2492654860481267 0.6948461127737459 0.7937129495925863 0.9202876961383866 0.9601347324424426 1.0246766857497027 1.1100988746438827 1.1333169302767325 1.2456851122373354
22 220 -0.21143743220531996 -0.13471809297634763 0.04298748573072918 0.2492654860481267 0.6948461127737459 0.7937129495925863 0.9202876961383866 0.9601347324424426 1.0246766857497027 1.1100988746438827 1.1333169302767325 1.2456851122373354
23 230 -0.21143743220531996 -0.13471809297634763 0.04298748573072918 0.2492654860481267 0.6948461127737459 0.7937129495925863 0.9202876961383866 0.9601347324424426 1.0246766857497027 1.1100988746438827 1.1333169302767325 1.2456851122373354
24 240 -0.21143743220531996 -0.13471809297634763 0.04298748573072918 0.2492654860481267 0.6948461127737459 0.7937129495925863 0.9202876961383866 0.9601347324424426 1.0246766857497027 1.1100988746438827 1.1333169302767325 1.2456851122373354
25 250 -0.23079033597990878 -0.08232280609841677 0.08123038226271095 0.2680097981438818 0.7483911661156448 0.8475479843912721 0.8667993575262667 0.9382623252501098 1.0360020128783143 1.0611210977558938 1.1438814270301683 1.2578365893658436
26 260 -0.23079033597990878 -0.08232280609841677 0.08123038226271095 0.2680097981438818 0.7483911661156448 0.8475479843912721 0.8667993575262667 0.9382623252501098 1.0360020128783143 1.0611210977558938 1.1438814270301683 1.2578365893658436
27 270 -0.23079033597990878 -0.08232280609841677 0.08123038226271095 0.2680097981438818 0.7483911661156448 0.8475479843912721 0.8667993575262667 0.9382623252501098 1.0360020128783143 1.0611210977558938 1.1438814270301683 1.2578365893658436
28 280 -0.23079033597990878 -0.08232280609841677 0.08123038226271095 0.2680097981438818 0.7483911661156448 0.8475479843912721 0.8667993575262667 0.9382623252501098 1.0360020128783143 1.0611210977558938 1.1438814270301683 1.2578365893658436
29 290 -0.23079033597990878 -0.08232280609841677 0.08123038226271095 0.2680097981438818 0.7483911661156448 0.8475479843912721 0.8667993575262667 0.9382623252501098 1.0360020128783143 1.0611210977558938 1.1438814270301683 1.2578365893658436
30 300 -0.23079033597990878 -0.08232280609841677 0.08123038226271095 0.2680097981438818 0.7483911661156448 0.8475479843912721 0.8667993575262667 0.9382623252501098 1.0360020128783143 1.0611210977558938 1.1438814270301683 1.2578365893658436
31 310 -0.23079033597990878 -0.08232280609841677 0.08123038226271095 0.2680097981438818 0.7483911661156448 0.8475479843912721 0.8667993575262667 0.9382623252501098 1.0360020128783143 1.0611210977558938 1.1438814270301683 1.2578365893658436
32 320 -0.23079033597990878 -0.08232280609841677 0.08123038226271095 0.2680097981438818 0.7483911661156448 0.8475479843912721 0.8667993575262667 0.9382623252501098 1.0360020128783143 1.0611210977558938 1.1438814270301683 1.2578365893658436
33 330 -0.37434933951343075 -0.09613792228047383 0.04877196650015105 0.45774884147783745 0.6376521005412369 0.7686315221857563 0.9020607999268093 0.9929597569246219 1.0235426318224947 1.0708868510667684 1.108427077184243 1.3341191340207732
34 340 -0.37434933951343075 -0.09613792228047383 0.04877196650015105 0.45774884147783745 0.6376521005412369 0.7686315221857563 0.9020607999268093 0.9929597569246219 1.0235426318224947 1.0708868510667684 1.108427077184243 1.3341191340207732
35 350 -0.37434933951343075 -0.09613792228047383 0.04877196650015105 0.45774884147783745 0.6376521005412369 0.7686315221857563 0.9020607999268093 0.9929597569246219 1.0235426318224947 1.0708868510667684 1.108427077184243 1.3341191340207732
36 360 -0.37434933951343075 -0.09613792228047383 0.04877196650015105 0.45774884147783745 0.6376521005412369 0.7686315221857563 0.9020607999268093 0.9929597569246219 1.0235426318224947 1.0708868510667684 1.108427077184243 1.3341191340207732
37 370 -0.37434933951343075 -0.09613792228047383 0.04877196650015105 0.45774884147783745 0.6376521005412369 0.7686315221857563 0.9020607999268093 0.9929597569246219 1.0235426318224947 1.0708868510667684 1.108427077184243 1.3341191340207732
38 380 -0.37434933951343075 -0.09613792228047383 0.04877196650015105 0.45774884147783745 0.6376521005412369 0.7686315221857563 0.9020607999268093 0.9929597569246219 1.0235426318224947 1.0708868510667684 1.108427077184243 1.3341191340207732
39 390 -0.37434933951343075 -0.09613792228047383 0.04877196650015105 0.45774884147783745 0.6376521005412369 0.7686315221857563 0.9020607999268093 0.9929597569246219 1.0235426318224947 1.0708868510667684 1.108427077184243 1.3341191340207732
40 400 -0.37434933951343075 -0.09613792228047383 0.04877196650015105 0.45774884147783745 0.6376521005412369 0.7686315221857563 0.9020607999268093 0.9929597569246219 1.0235426318224947 1.0708868510667684 1.108427077184243 1.3341191340207732
41 410 -0.5273903672959369 -0.10947956507871745 0.05910098269842688 0.39483221639118704 0.48635863559804426 0.7999539046028878 0.9056938721089558 0.9977467500536946 1.0131793828511728 1.0313255478884178 1.1509376515376806 1.3758367401629736
42 420 -0.5273903672959369 -0.10947956507871745 0.05910098269842688 0.39483221639118704 0.48635863559804426 0.7999539046028878 0.9056938721089558 0.9977467500536946 1.0131793828511728 1.0313255478884178 1.1509376515376806 1.3758367401629736
43 430 -0.5273903672959369 -0.10947956507871745 0.05910098269842688 0.39483221639118704 0.48635863559804426 0.7999539046028878 0.9056938721089558 0.9977467500536946 1.0131793828511728 1.0313255478884178 1.1509376515376806 1.3758367401629736
44 440 -0.5273903672959369 -0.10947956507871745 0.05910098269842688 0.39483221639118704 0.48635863559804426 0.7999539046028878 0.9056938721089558 0.9977467500536946 1.0131793828511728 1.0313255478884178 1.1509376515376806 1.3758367401629736
45 450 -0.5273903672959369 -0.10947956507871745 0.05910098269842688 0.39483221639118704 0.48635863559804426 0.7999539046028878 0.9056938721089558 0.9977467500536946 1.0131793828511728 1.0313255478884178 1.1509376515376806 1.3758367401629736
46 460 -0.5273903672959369 -0.10947956507871745 0.05910098269842688 0.39483221639118704 0.48635863559804426 0.7999539046028878 0.9056938721089558 0.9977467500536946 1.0131793828511728 1.0313255478884178 1.1509376515376806 1.3758367401629736
47 470 -0.5273903672959369 -0.10947956507871745 0.05910098269842688 0.39483221639118704 0.48635863559804426 0.7999539046028878 0.9056938721089558 0.9977467500536946 1.0131793828511728 1.0313255478884178 1.1509376515376806 1.3758367401629736
48 480 -0.5273903672959369 -0.10947956507871745 0.05910098269842688 0.39483221639118704 0.48635863559804426 0.7999539046028878 0.9056938721089558 0.9977467500536946 1.0131793828511728 1.0313255478884178 1.1509376515376806 1.3758367401629736
49 490 -0.6276318733666509 -0.09855156258997581 0.09647900305567914 0.3126751833505432 0.4026318565140249 0.8266963191278537 0.8801710539174635 0.9492181942795921 1.0346164521956258 1.103976451815394 1.1445342720991019 1.3709816228632492
50 500 -0.6276318733666509 -0.09855156258997581 0.09647900305567914 0.3126751833505432 0.4026318565140249 0.8266963191278537 0.8801710539174635 0.9492181942795921 1.0346164521956258 1.103976451815394 1.1445342720991019 1.3709816228632492
51 510 -0.6276318733666509 -0.09855156258997581 0.09647900305567914 0.3126751833505432 0.4026318565140249 0.8266963191278537 0.8801710539174635 0.9492181942795921 1.0346164521956258 1.103976451815394 1.1445342720991019 1.3709816228632492
52 520 -0.6276318733666509 -0.09855156258997581 0.09647900305567914 0.3126751833505432 0.4026318565140249 0.8266963191278537 0.8801710539174635 0.9492181942795921 1.0346164521956258 1.103976451815394 1.1445342720991019 1.3709816228632492
53 530 -0.6276318733666509 -0.09855156258997581 0.09647900305567914 0.3126751833505432 0.4026318565140249 0.8266963191278537 0.8801710539174635 0.9492181942795921 1.0346164521956258 1.103976451815394 1.1445342720991019 1.3709816228632492
54 540 -0.6276318733666509 -0.09855156258997581 0.09647900305567914 0.3126751833505432 0.4026318565140249 0.8266963191278537 0.8801710539174635 0.9492181942795921 1.0346164521956258 1.103976451815394 1.1445342720991019 1.3709816228632492
55 550 -0.6276318733666509 -0.09855156258997581 0.09647900305567914 0.3126751833505432 0.4026318565140249 0.8266963191278537 0.8801710539174635 0.9492181942795921 1.0346164521956258 1.103976451815394 1.1445342720991019 1.3709816228632492
56 560 -0.6276318733666509 -0.09855156258997581 0.09647900305567914 0.3126751833505432 0.4026318565140249 0.8266963191278537 0.8801710539174635 0.9492181942795921 1.0346164521956258 1.103976451815394 1.1445342720991019 1.3709816228632492
57 570 -0.6044542239640185 -0.12454988980605558 0.14723785913515086 0.32233613940596434 0.27454303952665493 0.7567449480732729 0.8475650111575912 0.9048545416962722 1.0158506010984434 1.0870734916339546 1.3130045250762072 1.370099598719086
58 580 -0.6044542239640185 -0.12454988980605558 0.14723785913515086 0.32233613940596434 0.27454303952665493 0.7567449480732729 0.8475650111575912 0.9048545416962722 1.0158506010984434 1.0870734916339546 1.3130045250762072 1.370099598719086
59 590 -0.6044542239640185 -0.12454988980605558 0.14723785913515086 0.32233613940596434 0.27454303952665493 0.7567449480732729 0.8475650111575912 0.9048545416962722 1.0158506010984434 1.0870734916339546 1.3130045250762072 1.370099598719086
60 600 -0.6044542239640185 -0.12454988980605558 0.14723785913515086 0.32233613940596434 0.27454303952665493 0.7567449480732729 0.8475650111575912 0.9048545416962722 1.0158506010984434 1.0870734916339546 1.3130045250762072 1.370099598719086
61 610 -0.6044542239640185 -0.12454988980605558 0.14723785913515086 0.32233613940596434 0.27454303952665493 0.7567449480732729 0.8475650111575912 0.9048545416962722 1.0158506010984434 1.0870734916339546 1.3130045250762072 1.370099598719086
62 620 -0.6044542239640185 -0.12454988980605558 0.14723785913515086 0.32233613940596434 0.27454303952665493 0.7567449480732729 0.8475650111575912 0.9048545416962722 1.0158506010984434 1.0870734916339546 1.3130045250762072 1.370099598719086
63 630 -0.6044542239640185 -0.12454988980605558 0.14723785913515086 0.32233613940596434 0.27454303952665493 0.7567449480732729 0.8475650111575912 0.9048545416962722 1.0158506010984434 1.0870734916339546 1.3130045250762072 1.370099598719086
64 640 -0.6044542239640185 -0.12454988980605558 0.14723785913515086 0.32233613940596434 0.27454303952665493 0.7567449480732729 0.8475650111575912 0.9048545416962722 1.0158506010984434 1.0870734916339546 1.3130045250762072 1.370099598719086
65 650 -0.6679192354341902 -0.17187297288693204 0.05695917098717927 0.3570666834410677 0.21357165896403968 0.707139253938351 0.8279184423809282 0.8870683883227604 1.0241552724545329 1.078310047733398 1.3416463925732756 1.4036881154254865
66 660 -0.6679192354341902 -0.17187297288693204 0.05695917098717927 0.3570666834410677 0.21357165896403968 0.707139253938351 0.8279184423809282 0.8870683883227604 1.0241552724545329 1.078310047733398 1.3416463925732756 1.4036881154254865
67 670 -0.6679192354341902 -0.17187297288693204 0.05695917098717927 0.3570666834410677 0.21357165896403968 0.707139253938351 0.8279184423809282 0.8870683883227604 1.0241552724545329 1.078310047733398 1.3416463925732756 1.4036881154254865
68 680 -0.6679192354341902 -0.17187297288693204 0.05695917098717927 0.3570666834410677 0.21357165896403968 0.707139253938351 0.8279184423809282 0.8870683883227604 1.0241552724545329 1.078310047733398 1.3416463925732756 1.4036881154254865
69 690 -0.6679192354341902 -0.17187297288693204 0.05695917098717927 0.3570666834410677 0.21357165896403968 0.707139253938351 0.8279184423809282 0.8870683883227604 1.0241552724545329 1.078310047733398 1.3416463925732756 1.4036881154254865
70 700 -0.6679192354341902 -0.17187297288693204 0.05695917098717927 0.3570666834410677 0.21357165896403968 0.707139253938351 0.8279184423809282 0.8870683883227604 1.0241552724545329 1.078310047733398 1.3416463925732756 1.4036881154254865
71 710 -0.6679192354341902 -0.17187297288693204 0.05695917098717927 0.3570666834410677 0.21357165896403968 0.707139253938351 0.8279184423809282 0.8870683883227604 1.0241552724545329 1.078310047733398 1.3416463925732756 1.4036881154254865
72 720 -0.6679192354341902 -0.17187297288693204 0.05695917098717927 0.3570666834410677 0.21357165896403968 0.707139253938351 0.8279184423809282 0.8870683883227604 1.0241552724545329 1.078310047733398 1.3416463925732756 1.4036881154254865
73 730 -0.5094545145567008 -0.15460907387128028 0.057180124276017305 0.16708664415148552 0.22222633542837583 0.7019816461942266 0.8474864151015399 0.9724279800408367 1.0094806512684826 1.1503582454400765 1.2582605599475027 1.3668916962377617
74 740 -0.5094545145567008 -0.15460907387128028 0.057180124276017305 0.16708664415148552 0.22222633542837583 0.7019816461942266 0.8474864151015399 0.9724279800408367 1.0094806512684826 1.1503582454400765 1.2582605599475027 1.3668916962377617
75 750 -0.5094545145567008 -0.15460907387128028 0.057180124276017305 0.16708664415148552 0.22222633542837583 0.7019816461942266 0.8474864151015399 0.9724279800408367 1.0094806512684826 1.1503582454400765 1.2582605599475027 1.3668916962377617
76 760 -0.5094545145567008 -0.15460907387128028 0.057180124276017305 0.16708664415148552 0.22222633542837583 0.7019816461942266 0.8474864151015399 0.9724279800408367 1.0094806512684826 1.1503582454400765 1.2582605599475027 1.3668916962377617
77 770 -0.5094545145567008 -0.15460907387128028 0.057180124276017305 0.16708664415148552 0.22222633542837583 0.7019816461942266 0.8474864151015399 0.9724279800408367 1.0094806512684826 1.1503582454400765 1.2582605599475027 1.3668916962377617
78 780 -0.5094545145567008 -0.15460907387128028 0.057180124276017305 0.16708664415148552 0.22222633542837583 0.7019816461942266 0.8474864151015399 0.9724279800408367 1.0094806512684826 1.1503582454400765 1.2582605599475027 1.3668916962377617
79 790 -0.5094545145567008 -0.15460907387128028 0.057180124276017305 0.16708664415148552 0.22222633542837583 0.7019816461942266 0.8474864151015399 0.9724279800408367 1.0094806512684826 1.1503582454400765 1.2582605599475027 1.3668916962377617
80 800 -0.5094545145567008 -0.15460907387128028 0.057180124276017305 0.16708664415148552 0.22222633542837583 0.7019816461942266 0.8474864151015399 0.9724279800408367 1.0094806512684826 1.1503582454400765 1.2582605599475027 1.3668916962377617
81 810 -0.6333234738630809 -0.1549383887533901 0.11827973660993815 0.2972785514443238 0.2168757838212526 0.6482459591926935 0.8174341491690568 0.9003138591239953 1.05777765400291 1.1303460871215862 1.2562846629703621 1.4419262953529368
82 820 -0.6333234738630809 -0.1549383887533901 0.11827973660993815 0.2972785514443238 0.2168757838212526 0.6482459591926935 0.8174341491690568 0.9003138591239953 1.05777765400291 1.1303460871215862 1.2562846629703621 1.4419262953529368
83 830 -0.6333234738630809 -0.1549383887533901 0.11827973660993815 0.2972785514443238 0.2168757838212526 0.6482459591926935 0.8174341491690568 0.9003138591239953 1.05777765400291 1.1303460871215862 1.2562846629703621 1.4419262953529368
84 840 -0.6333234738630809 -0.1549383887533901 0.11827973660993815 0.2972785514443238 0.2168757838212526 0.6482459591926935 0.8174341491690568 0.9003138591239953 1.05777765400291 1.1303460871215862 1.2562846629703621 1.4419262953529368
85 850 -0.6333234738630809 -0.1549383887533901 0.11827973660993815 0.2972785514443238 0.2168757838212526 0.6482459591926935 0.8174341491690568 0.9003138591239953 1.05777765400291 1.1303460871215862 1.2562846629703621 1.4419262953529368
86 860 -0.6333234738630809 -0.1549383887533901 0.11827973660993815 0.2972785514443238 0.2168757838212526 0.6482459591926935 0.8174341491690568 0.9003138591239953 1.05777765400291 1.1303460871215862 1.2562846629703621 1.4419262953529368
87 870 -0.6333234738630809 -0.1549383887533901 0.11827973660993815 0.2972785514443238 0.2168757838212526 0.6482459591926935 0.8174341491690568 0.9003138591239953 1.05777765400291 1.1303460871215862 1.2562846629703621 1.4419262953529368
88 880 -0.6333234738630809 -0.1549383887533901 0.11827973660993815 0.2972785514443238 0.2168757838212526 0.6482459591926935 0.8174341491690568 0.9003138591239953 1.05777765400291 1.1303460871215862 1.2562846629703621 1.4419262953529368
89 890 -0.5661831340840515 -0.17346219006062716 0.07653274869869733 0.35787130892796926 0.2272460690726493 0.6862792759181694 0.7101135155292749 0.8560581433473949 1.0696649489941912 1.1434900271951056 1.344391352064636 1.4075306664154559
90 900 -0.5661831340840515 -0.17346219006062716 0.07653274869869733 0.35787130892796926 0.2272460690726493 0.6862792759181694 0.7101135155292749 0.8560581433473949 1.0696649489941912 1.1434900271951056 1.344391352064636 1.4075306664154559
91 910 -0.5661831340840515 -0.17346219006062716 0.07653274869869733 0.35787130892796926 0.2272460690726493 0.6862792759181694 0.7101135155292749 0.8560581433473949 1.0696649489941912 1.1434900271951056 1.344391352064636 1.4075306664154559
92 920 -0.5661831340840515 -0.17346219006062716 0.07653274869869733 0.35787130892796926 0.2272460690726493 0.6862792759181694 0.7101135155292749 0.8560581433473949 1.0696649489941912 1.1434900271951056 1.344391352064636 1.4075306664154559
93 930 -0.5661831340840515 -0.17346219006062716 0.07653274869869733 0.35787130892796926 0.2272460690726493 0.6862792759181694 0.7101135155292749 0.8560581433473949 1.0696649489941912 1.1434900271951056 1.344391352064636 1.4075306664154559
94 940 -0.5661831340840515 -0.17346219006062716 0.07653274869869733 0.35787130892796926 0.2272460690726493 0.6862792759181694 0.7101135155292749 0.8560581433473949 1.0696649489941912 1.1434900271951056 1.344391352064636 1.4075306664154559
95 950 -0.5661831340840515 -0.17346219006062716 0.07653274869869733 0.35787130892796926 0.2272460690726493 0.6862792759181694 0.7101135155292749 0.8560581433473949 1.0696649489941912 1.1434900271951056 1.344391352064636 1.4075306664154559
96 960 -0.5661831340840515 -0.17346219006062716 0.07653274869869733 0.35787130892796926 0.2272460690726493 0.6862792759181694 0.7101135155292749 0.8560581433473949 1.0696649489941912 1.1434900271951056 1.344391352064636 1.4075306664154559
97 970 -0.6120606494836129 -0.15970242184762784 0.1478478684972444 0.24191159084539413 0.2567983580025926 0.6605968506336624 0.7097268006352662 0.8306578422880025 1.0728615758576487 1.157698874914379 1.234538973849213 1.5128042496909777
98 980 -0.6120606494836129 -0.15970242184762784 0.1478478684972444 0.24191159084539413 0.2567983580025926 0.6605968506336624 0.7097268006352662 0.8306578422880025 1.0728615758576487 1.157698874914379 1.234538973849213 1.5128042496909777
99 990 -0.6120606494836129 -0.15970242184762784 0.1478478684972444 0.24191159084539413 0.2567983580025926 0.6605968506336624 0.7097268006352662 0.8306578422880025 1.0728615758576487 1.157698874914379 1.234538973849213 1.5128042496909777
100 1000 -0.6120606494836129 -0.15970242184762784 0.1478478684972444 0.24191159084539413 0.2567983580025926 0.6605968506336624 0.7097268006352662 0.8306578422880025 1.0728615758576487 1.157698874914379 1.234538973849213 1.5128042496909777
101 1010 -0.6120606494836129 -0.15970242184762784 0.1478478684972444 0.24191159084539413 0.2567983580025926 0.6605968506336624 0.7097268006352662 0.8306578422880025 1.0728615758576487 1.157698874914379 1.234538973849213 1.5128042496909777
102 1020 -0.6120606494836129 -0.15970242184762784 0.1478478684972444 0.24191159084539413 0.2567983580025926 0.6605968506336624 0.7097268006352662 0.8306578422880025 1.0728615758576487 1.157698874914379 1.234538973849213 1.5128042496909777
103 1030 -0.6120606494836129 -0.15970242184762784 0.1478478684972444 0.24191159084539413 0.2567983580025926 0.6605968506336624 0.7097268006352662 0.8306578422880025 1.0728615758576487 1.157698874914379 1.234538973849213 1.5128042496909777
104 1040 -0.6120606494836129 -0.15970242184762784 0.1478478684972444 0.24191159084539413 0.2567983580025926 0.6605968506336624 0.7097268006352662 0.8306578422880025 1.0728615758576487 1.157698874914379 1.234538973849213 1.5128042496909777
105 1050 -0.6195591348727062 -0.2538144386511584 0.11787045414864475 0.3671648556288387 0.23101956232945295 0.6848682537661195 0.7374620432722928 0.862730771071067 1.020765735652476 1.046906841845684 1.1933022067248584 1.6209515751632964
106 1060 -0.6195591348727062 -0.2538144386511584 0.11787045414864475 0.3671648556288387 0.23101956232945295 0.6848682537661195 0.7374620432722928 0.862730771071067 1.020765735652476 1.046906841845684 1.1933022067248584 1.6209515751632964
107 1070 -0.6195591348727062 -0.2538144386511584 0.11787045414864475 0.3671648556288387 0.23101956232945295 0.6848682537661195 0.7374620432722928 0.862730771071067 1.020765735652476 1.046906841845684 1.1933022067248584 1.6209515751632964
108 1080 -0.6195591348727062 -0.2538144386511584 0.11787045414864475 0.3671648556288387 0.23101956232945295 0.6848682537661195 0.7374620432722928 0.862730771071067 1.020765735652476 1.046906841845684 1.1933022067248584 1.6209515751632964
109 1090 -0.6195591348727062 -0.2538144386511584 0.11787045414864475 0.3671648556288387 0.23101956232945295 0.6848682537661195 0.7374620432722928 0.862730771071067 1.020765735652476 1.046906841845684 1.1933022067248584 1.6209515751632964
110 1100 -0.6195591348727062 -0.2538144386511584 0.11787045414864475 0.3671648556288387 0.23101956232945295 0.6848682537661195 0.7374620432722928 0.862730771071067 1.020765735652476 1.046906841845684 1.1933022067248584 1.6209515751632964
111 1110 -0.6195591348727062 -0.2538144386511584 0.11787045414864475 0.3671648556288387 0.23101956232945295 0.6848682537661195 0.7374620432722928 0.862730771071067 1.020765735652476 1.046906841845684 1.1933022067248584 1.6209515751632964
112 1120 -0.6195591348727062 -0.2538144386511584 0.11787045414864475 0.3671648556288387 0.23101956232945295 0.6848682537661195 0.7374620432722928 0.862730771071067 1.020765735652476 1.046906841845684 1.1933022067248584 1.6209515751632964
113 1130 -0.699533448506533 -0.24572402254933456 0.07800108642844364 0.38489229590767615 0.20807425200880805 0.6557161261558441 0.7860876793129324 0.8262935505839297 0.9699824273827614 1.0873262233758625 1.2939930555452246 1.5583595037649434
114 1140 -0.699533448506533 -0.24572402254933456 0.07800108642844364 0.38489229590767615 0.20807425200880805 0.6557161261558441 0.7860876793129324 0.8262935505839297 0.9699824273827614 1.0873262233758625 1.2939930555452246 1.5583595037649434
115 1150 -0.699533448506533 -0.24572402254933456 0.07800108642844364 0.38489229590767615 0.20807425200880805 0.6557161261558441 0.7860876793129324 0.8262935505839297 0.9699824273827614 1.0873262233758625 1.2939930555452246 1.5583595037649434
116 1160 -0.699533448506533 -0.24572402254933456 0.07800108642844364 0.38489229590767615 0.20807425200880805 0.6557161261558441 0.7860876793129324 0.8262935505839297 0.9699824273827614 1.0873262233758625 1.2939930555452246 1.5583595037649434
117 1170 -0.699533448506533 -0.24572402254933456 0.07800108642844364 0.38489229590767615 0.20807425200880805 0.6557161261558441 0.7860876793129324 0.8262935505839297 0.9699824273827614 1.0873262233758625 1.2939930555452246 1.5583595037649434
118 1180 -0.699533448506533 -0.24572402254933456 0.07800108642844364 0.38489229590767615 0.20807425200880805 0.6557161261558441 0.7860876793129324 0.8262935505839297 0.9699824273827614 1.0873262233758625 1.2939930555452246 1.5583595037649434
119 1190 -0.699533448506533 -0.24572402254933456 0.07800108642844364 0.38489229590767615 0.20807425200880805 0.6557161261558441 0.7860876793129324 0.8262935505839297 0.9699824273827614 1.0873262233758625 1.2939930555452246 1.5583595037649434
120 1200 -0.699533448506533 -0.24572402254933456 0.07800108642844364 0.38489229590767615 0.20807425200880805 0.6557161261558441 0.7860876793129324 0.8262935505839297 0.9699824273827614 1.0873262233758625 1.2939930555452246 1.5583595037649434
121 1210 -0.636486413427374 -0.25753161795177887 0.04183747117432517 0.31673130327761123 0.17472753737821606 0.5987732528971654 0.7847604700622813 0.8995786364915089 1.007806340539851 1.0435199856197235 1.2859955072998066 1.558030210065579
122 1220 -0.636486413427374 -0.25753161795177887 0.04183747117432517 0.31673130327761123 0.17472753737821606 0.5987732528971654 0.7847604700622813 0.8995786364915089 1.007806340539851 1.0435199856197235 1.2859955072998066 1.558030210065579
123 1230 -0.636486413427374 -0.25753161795177887 0.04183747117432517 0.31673130327761123 0.17472753737821606 0.5987732528971654 0.7847604700622813 0.8995786364915089 1.007806340539851 1.0435199856197235 1.2859955072998066 1.558030210065579
124 1240 -0.636486413427374 -0.25753161795177887 0.04183747117432517 0.31673130327761123 0.17472753737821606 0.5987732528971654 0.7847604700622813 0.8995786364915089 1.007806340539851 1.0435199856197235 1.2859955072998066 1.558030210065579
125 1250 -0.636486413427374 -0.25753161795177887 0.04183747117432517 0.31673130327761123 0.17472753737821606 0.5987732528971654 0.7847604700622813 0.8995786364915089 1.007806340539851 1.0435199856197235 1.2859955072998066 1.558030210065579
126 1260 -0.636486413427374 -0.25753161795177887 0.04183747117432517 0.31673130327761123 0.17472753737821606 0.5987732528971654 0.7847604700622813 0.8995786364915089 1.007806340539851 1.0435199856197235 1.2859955072998066 1.558030210065579
127 1270 -0.636486413427374 -0.25753161795177887 0.04183747117432517 0.31673130327761123 0.17472753737821606 0.5987732528971654 0.7847604700622813 0.8995786364915089 1.007806340539851 1.0435199856197235 1.2859955072998066 1.558030210065579
128 1280 -0.636486413427374 -0.25753161795177887 0.04183747117432517 0.31673130327761123 0.17472753737821606 0.5987732528971654 0.7847604700622813 0.8995786364915089 1.007806340539851 1.0435199856197235 1.2859955072998066 1.558030210065579
129 1290 -0.5897474856454358 -0.23125791113624578 0.08647451390574606 0.2610276506584694 0.18080952108165746 0.5778659158739603 0.7232975334064872 0.8974028626976867 0.9668830660004265 1.1107376102399869 1.3877832591170154 1.4867227058675034
130 1300 -0.5897474856454358 -0.23125791113624578 0.08647451390574606 0.2610276506584694 0.18080952108165746 0.5778659158739603 0.7232975334064872 0.8974028626976867 0.9668830660004265 1.1107376102399869 1.3877832591170154 1.4867227058675034
131 1310 -0.5897474856454358 -0.23125791113624578 0.08647451390574606 0.2610276506584694 0.18080952108165746 0.5778659158739603 0.7232975334064872 0.8974028626976867 0.9668830660004265 1.1107376102399869 1.3877832591170154 1.4867227058675034
132 1320 -0.5897474856454358 -0.23125791113624578 0.08647451390574606 0.2610276506584694 0.18080952108165746 0.5778659158739603 0.7232975334064872 0.8974028626976867 0.9668830660004265 1.1107376102399869 1.3877832591170154 1.4867227058675034
133 1330 -0.5897474856454358 -0.23125791113624578 0.08647451390574606 0.2610276506584694 0.18080952108165746 0.5778659158739603 0.7232975334064872 0.8974028626976867 0.9668830660004265 1.1107376102399869 1.3877832591170154 1.4867227058675034
134 1340 -0.5897474856454358 -0.23125791113624578 0.08647451390574606 0.2610276506584694 0.18080952108165746 0.5778659158739603 0.7232975334064872 0.8974028626976867 0.9668830660004265 1.1107376102399869 1.3877832591170154 1.4867227058675034
135 1350 -0.5897474856454358 -0.23125791113624578 0.08647451390574606 0.2610276506584694 0.18080952108165746 0.5778659158739603 0.7232975334064872 0.8974028626976867 0.9668830660004265 1.1107376102399869 1.3877832591170154 1.4867227058675034
136 1360 -0.5897474856454358 -0.23125791113624578 0.08647451390574606 0.2610276506584694 0.18080952108165746 0.5778659158739603 0.7232975334064872 0.8974028626976867 0.9668830660004265 1.1107376102399869 1.3877832591170154 1.4867227058675034
137 1370 -0.6192674155978026 -0.17642085594803936 0.10265135863106754 0.26605489071265165 0.16564798317994547 0.4736126735277207 0.7271049106731229 0.8791938209915382 0.9566166701369554 1.2385245984486555 1.349829924401697 1.4749538961577953
138 1380 -0.6192674155978026 -0.17642085594803936 0.10265135863106754 0.26605489071265165 0.16564798317994547 0.4736126735277207 0.7271049106731229 0.8791938209915382 0.9566166701369554 1.2385245984486555 1.349829924401697 1.4749538961577953
139 1390 -0.6192674155978026 -0.17642085594803936 0.10265135863106754 0.26605489071265165 0.16564798317994547 0.4736126735277207 0.7271049106731229 0.8791938209915382 0.9566166701369554 1.2385245984486555 1.349829924401697 1.4749538961577953
140 1400 -0.6192674155978026 -0.17642085594803936 0.10265135863106754 0.26605489071265165 0.16564798317994547 0.4736126735277207 0.7271049106731229 0.8791938209915382 0.9566166701369554 1.2385245984486555 1.349829924401697 1.4749538961577953
141 1410 -0.6192674155978026 -0.17642085594803936 0.10265135863106754 0.26605489071265165 0.16564798317994547 0.4736126735277207 0.7271049106731229 0.8791938209915382 0.9566166701369554 1.2385245984486555 1.349829924401697 1.4749538961577953
142 1420 -0.6192674155978026 -0.17642085594803936 0.10265135863106754 0.26605489071265165 0.16564798317994547 0.4736126735277207 0.7271049106731229 0.8791938209915382 0.9566166701369554 1.2385245984486555 1.349829924401697 1.4749538961577953
143 1430 -0.6192674155978026 -0.17642085594803936 0.10265135863106754 0.26605489071265165 0.16564798317994547 0.4736126735277207 0.7271049106731229 0.8791938209915382 0.9566166701369554 1.2385245984486555 1.349829924401697 1.4749538961577953
144 1440 -0.6192674155978026 -0.17642085594803936 0.10265135863106754 0.26605489071265165 0.16564798317994547 0.4736126735277207 0.7271049106731229 0.8791938209915382 0.9566166701369554 1.2385245984486555 1.349829924401697 1.4749538961577953
145 1450 -0.7677686152955937 -0.18504768920805778 0.05934581420920578 0.29472214433175126 0.16200319469498198 0.49280880694824314 0.6526998844289434 0.8285187762354862 0.9741957308860667 1.2331301976922187 1.395944671540089 1.4832750960143277
146 1460 -0.7677686152955937 -0.18504768920805778 0.05934581420920578 0.29472214433175126 0.16200319469498198 0.49280880694824314 0.6526998844289434 0.8285187762354862 0.9741957308860667 1.2331301976922187 1.395944671540089 1.4832750960143277
147 1470 -0.7677686152955937 -0.18504768920805778 0.05934581420920578 0.29472214433175126 0.16200319469498198 0.49280880694824314 0.6526998844289434 0.8285187762354862 0.9741957308860667 1.2331301976922187 1.395944671540089 1.4832750960143277
148 1480 -0.7677686152955937 -0.18504768920805778 0.05934581420920578 0.29472214433175126 0.16200319469498198 0.49280880694824314 0.6526998844289434 0.8285187762354862 0.9741957308860667 1.2331301976922187 1.395944671540089 1.4832750960143277
149 1490 -0.7677686152955937 -0.18504768920805778 0.05934581420920578 0.29472214433175126 0.16200319469498198 0.49280880694824314 0.6526998844289434 0.8285187762354862 0.9741957308860667 1.2331301976922187 1.395944671540089 1.4832750960143277
150 1500 -0.7677686152955937 -0.18504768920805778 0.05934581420920578 0.29472214433175126 0.16200319469498198 0.49280880694824314 0.6526998844289434 0.8285187762354862 0.9741957308860667 1.2331301976922187 1.395944671540089 1.4832750960143277
151 1510 -0.7677686152955937 -0.18504768920805778 0.05934581420920578 0.29472214433175126 0.16200319469498198 0.49280880694824314 0.6526998844289434 0.8285187762354862 0.9741957308860667 1.2331301976922187 1.395944671540089 1.4832750960143277
152 1520 -0.7677686152955937 -0.18504768920805778 0.05934581420920578 0.29472214433175126 0.16200319469498198 0.49280880694824314 0.6526998844289434 0.8285187762354862 0.9741957308860667 1.2331301976922187 1.395944671540089 1.4832750960143277
153 1530 -0.7208249288145019 -0.2815726885612031 0.07440460151482717 0.2825300278164204 0.15788937300491157 0.4650678356227836 0.6991692154193613 0.7753205615300126 0.9490826492655953 1.2153314686361745 1.4426019774437697 1.48658480085089
154 1540 -0.7208249288145019 -0.2815726885612031 0.07440460151482717 0.2825300278164204 0.15788937300491157 0.4650678356227836 0.6991692154193613 0.7753205615300126 0.9490826492655953 1.2153314686361745 1.4426019774437697 1.48658480085089
155 1550 -0.7208249288145019 -0.2815726885612031 0.07440460151482717 0.2825300278164204 0.15788937300491157 0.4650678356227836 0.6991692154193613 0.7753205615300126 0.9490826492655953 1.2153314686361745 1.4426019774437697 1.48658480085089
156 1560 -0.7208249288145019 -0.2815726885612031 0.07440460151482717 0.2825300278164204 0.15788937300491157 0.4650678356227836 0.6991692154193613 0.7753205615300126 0.9490826492655953 1.2153314686361745 1.4426019774437697 1.48658480085089
157 1570 -0.7208249288145019 -0.2815726885612031 0.07440460151482717 0.2825300278164204 0.15788937300491157 0.4650678356227836 0.6991692154193613 0.7753205615300126 0.9490826492655953 1.2153314686361745 1.4426019774437697 1.48658480085089
158 1580 -0.7208249288145019 -0.2815726885612031 0.07440460151482717 0.2825300278164204 0.15788937300491157 0.4650678356227836 0.6991692154193613 0.7753205615300126 0.9490826492655953 1.2153314686361745 1.4426019774437697 1.48658480085089
159 1590 -0.7208249288145019 -0.2815726885612031 0.07440460151482717 0.2825300278164204 0.15788937300491157 0.4650678356227836 0.6991692154193613 0.7753205615300126 0.9490826492655953 1.2153314686361745 1.4426019774437697 1.48658480085089
160 1600 -0.7208249288145019 -0.2815726885612031 0.07440460151482717 0.2825300278164204 0.15788937300491157 0.4650678356227836 0.6991692154193613 0.7753205615300126 0.9490826492655953 1.2153314686361745 1.4426019774437697 1.48658480085089
161 1610 -0.7277523507430159 -0.23266749744477325 0.06971721453912232 0.1878881033814611 0.16380296748561032 0.4501320803530005 0.6853225780347214 0.8446400085885408 1.016725969459493 1.231525344739306 1.3750521851750124 1.4650293629631435
162 1620 -0.7277523507430159 -0.23266749744477325 0.06971721453912232 0.1878881033814611 0.16380296748561032 0.4501320803530005 0.6853225780347214 0.8446400085885408 1.016725969459493 1.231525344739306 1.3750521851750124 1.4650293629631435
163 1630 -0.7277523507430159 -0.23266749744477325 0.06971721453912232 0.1878881033814611 0.16380296748561032 0.4501320803530005 0.6853225780347214 0.8446400085885408 1.016725969459493 1.231525344739306 1.3750521851750124 1.4650293629631435
164 1640 -0.7277523507430159 -0.23266749744477325 0.06971721453912232 0.1878881033814611 0.16380296748561032 0.4501320803530005 0.6853225780347214 0.8446400085885408 1.016725969459493 1.231525344739306 1.3750521851750124 1.4650293629631435
165 1650 -0.7277523507430159 -0.23266749744477325 0.06971721453912232 0.1878881033814611 0.16380296748561032 0.4501320803530005 0.6853225780347214 0.8446400085885408 1.016725969459493 1.231525344739306 1.3750521851750124 1.4650293629631435
166 1660 -0.7277523507430159 -0.23266749744477325 0.06971721453912232 0.1878881033814611 0.16380296748561032 0.4501320803530005 0.6853225780347214 0.8446400085885408 1.016725969459493 1.231525344739306 1.3750521851750124 1.4650293629631435
167 1670 -0.7277523507430159 -0.23266749744477325 0.06971721453912232 0.1878881033814611 0.16380296748561032 0.4501320803530005 0.6853225780347214 0.8446400085885408 1.016725969459493 1.231525344739306 1.3750521851750124 1.4650293629631435
168 1680 -0.7277523507430159 -0.23266749744477325 0.06971721453912232 0.1878881033814611 0.16380296748561032 0.4501320803530005 0.6853225780347214 0.8446400085885408 1.016725969459493 1.231525344739306 1.3750521851750124 1.4650293629631435
169 1690 -0.7518433195140619 -0.3610530157108134 0.10216854818740491 0.27781997799525227 0.16128128736716224 0.46005998270081755 0.6911310236271648 0.7667271646030338 0.9279527651802522 1.2271978613722534 1.3654290593133485 1.570125179889402
170 1700 -0.7518433195140619 -0.3610530157108134 0.10216854818740491 0.27781997799525227 0.16128128736716224 0.46005998270081755 0.6911310236271648 0.7667271646030338 0.9279527651802522 1.2271978613722534 1.3654290593133485 1.570125179889402
171 1710 -0.7518433195140619 -0.3610530157108134 0.10216854818740491 0.27781997799525227 0.16128128736716224 0.46005998270081755 0.6911310236271648 0.7667271646030338 0.9279527651802522 1.2271978613722534 1.3654290593133485 1.570125179889402
172 1720 -0.7518433195140619 -0.3610530157108134 0.10216854818740491 0.27781997799525227 0.16128128736716224 0.46005998270081755 0.6911310236271648 0.7667271646030338 0.9279527651802522 1.2271978613722534 1.3654290593133485 1.570125179889402
173 1730 -0.7518433195140619 -0.3610530157108134 0.10216854818740491 0.27781997799525227 0.16128128736716224 0.46005998270081755 0.6911310236271648 0.7667271646030338 0.9279527651802522 1.2271978613722534 1.3654290593133485 1.570125179889402
174 1740 -0.7518433195140619 -0.3610530157108134 0.10216854818740491 0.27781997799525227 0.16128128736716224 0.46005998270081755 0.6911310236271648 0.7667271646030338 0.9279527651802522 1.2271978613722534 1.3654290593133485 1.570125179889402
175 1750 -0.7518433195140619 -0.3610530157108134 0.10216854818740491 0.27781997799525227 0.16128128736716224 0.46005998270081755 0.6911310236271648 0.7667271646030338 0.9279527651802522 1.2271978613722534 1.3654290593133485 1.570125179889402
176 1760 -0.7518433195140619 -0.3610530157108134 0.10216854818740491 0.27781997799525227 0.16128128736716224 0.46005998270081755 0.6911310236271648 0.7667271646030338 0.9279527651802522 1.2271978613722534 1.3654290593133485 1.570125179889402
177 1770 -0.7328324443555683 -0.32860249111645545 0.05766596987492236 0.20409981953547462 0.15473947753101772 0.42527751829641974 0.5969092692301105 0.8851310200885398 0.9867794005773939 1.2081214810844705 1.3693300974583216 1.5320186401745997
178 1780 -0.7328324443555683 -0.32860249111645545 0.05766596987492236 0.20409981953547462 0.15473947753101772 0.42527751829641974 0.5969092692301105 0.8851310200885398 0.9867794005773939 1.2081214810844705 1.3693300974583216 1.5320186401745997
179 1790 -0.7328324443555683 -0.32860249111645545 0.05766596987492236 0.20409981953547462 0.15473947753101772 0.42527751829641974 0.5969092692301105 0.8851310200885398 0.9867794005773939 1.2081214810844705 1.3693300974583216 1.5320186401745997
180 1800 -0.7328324443555683 -0.32860249111645545 0.05766596987492236 0.20409981953547462 0.15473947753101772 0.42527751829641974 0.5969092692301105 0.8851310200885398 0.9867794005773939 1.2081214810844705 1.3693300974583216 1.5320186401745997
181 1810 -0.7328324443555683 -0.32860249111645545 0.05766596987492236 0.20409981953547462 0.15473947753101772 0.42527751829641974 0.5969092692301105 0.8851310200885398 0.9867794005773939 1.2081214810844705 1.3693300974583216 1.5320186401745997
182 1820 -0.7328324443555683 -0.32860249111645545 0.05766596987492236 0.20409981953547462 0.15473947753101772 0.42527751829641974 0.5969092692301105 0.8851310200885398 0.9867794005773939 1.2081214810844705 1.3693300974583216 1.5320186401745997
183 1830 -0.7328324443555683 -0.32860249111645545 0.05766596987492236 0.20409981953547462 0.15473947753101772 0.42527751829641974 0.5969092692301105 0.8851310200885398 0.9867794005773939 1.2081214810844705 1.3693300974583216 1.5320186401745997
184 1840 -0.7328324443555683 -0.32860249111645545 0.05766596987492236 0.20409981953547462 0.15473947753101772 0.42527751829641974 0.5969092692301105 0.8851310200885398 0.9867794005773939 1.2081214810844705 1.3693300974583216 1.5320186401745997
185 1850 -0.6513734715376269 -0.3030831208793576 0.09861231235951143 0.17880155553496452 0.15693090638668789 0.40970174403095544 0.6488060366127676 0.855640215927274 0.9809791419093821 1.2401342265421913 1.3604317011426086 1.5177023190088919
186 1860 -0.6513734715376269 -0.3030831208793576 0.09861231235951143 0.17880155553496452 0.15693090638668789 0.40970174403095544 0.6488060366127676 0.855640215927274 0.9809791419093821 1.2401342265421913 1.3604317011426086 1.5177023190088919
187 1870 -0.6513734715376269 -0.3030831208793576 0.09861231235951143 0.17880155553496452 0.15693090638668789 0.40970174403095544 0.6488060366127676 0.855640215927274 0.9809791419093821 1.2401342265421913 1.3604317011426086 1.5177023190088919
188 1880 -0.6513734715376269 -0.3030831208793576 0.09861231235951143 0.17880155553496452 0.15693090638668789 0.40970174403095544 0.6488060366127676 0.855640215927274 0.9809791419093821 1.2401342265421913 1.3604317011426086 1.5177023190088919
189 1890 -0.6513734715376269 -0.3030831208793576 0.09861231235951143 0.17880155553496452 0.15693090638668789 0.40970174403095544 0.6488060366127676 0.855640215927274 0.9809791419093821 1.2401342265421913 1.3604317011426086 1.5177023190088919
190 1900 -0.6513734715376269 -0.3030831208793576 0.09861231235951143 0.17880155553496452 0.15693090638668789 0.40970174403095544 0.6488060366127676 0.855640215927274 0.9809791419093821 1.2401342265421913 1.3604317011426086 1.5177023190088919
191 1910 -0.6513734715376269 -0.3030831208793576 0.09861231235951143 0.17880155553496452 0.15693090638668789 0.40970174403095544 0.6488060366127676 0.855640215927274 0.9809791419093821 1.2401342265421913 1.3604317011426086 1.5177023190088919
192 1920 -0.6513734715376269 -0.3030831208793576 0.09861231235951143 0.17880155553496452 0.15693090638668789 0.40970174403095544 0.6488060366127676 0.855640215927274 0.9809791419093821 1.2401342265421913 1.3604317011426086 1.5177023190088919
193 1930 -0.7308921632263352 -0.2764187409066118 0.07853259284347798 0.2933568889416463 0.1342989073095774 0.393503797617363 0.6547885662829178 0.8052098620359256 0.9747761219275768 1.2352185603244494 1.4351409965491864 1.4880942566501116
194 1940 -0.7308921632263352 -0.2764187409066118 0.07853259284347798 0.2933568889416463 0.1342989073095774 0.393503797617363 0.6547885662829178 0.8052098620359256 0.9747761219275768 1.2352185603244494 1.4351409965491864 1.4880942566501116
195 1950 -0.7308921632263352 -0.2764187409066118 0.07853259284347798 0.2933568889416463 0.1342989073095774 0.393503797617363 0.6547885662829178 0.8052098620359256 0.9747761219275768 1.2352185603244494 1.4351409965491864 1.4880942566501116
196 1960 -0.7308921632263352 -0.2764187409066118 0.07853259284347798 0.2933568889416463 0.1342989073095774 0.393503797617363 0.6547885662829178 0.8052098620359256 0.9747761219275768 1.2352185603244494 1.4351409965491864 1.4880942566501116
197 1970 -0.7308921632263352 -0.2764187409066118 0.07853259284347798 0.2933568889416463 0.1342989073095774 0.393503797617363 0.6547885662829178 0.8052098620359256 0.9747761219275768 1.2352185603244494 1.4351409965491864 1.4880942566501116
198 1980 -0.7308921632263352 -0.2764187409066118 0.07853259284347798 0.2933568889416463 0.1342989073095774 0.393503797617363 0.6547885662829178 0.8052098620359256 0.9747761219275768 1.2352185603244494 1.4351409965491864 1.4880942566501116
199 1990 -0.7308921632263352 -0.2764187409066118 0.07853259284347798 0.2933568889416463 0.1342989073095774 0.393503797617363 0.6547885662829178 0.8052098620359256 0.9747761219275768 1.2352185603244494 1.4351409965491864 1.4880942566501116
200 2000 -0.7308921632263352 -0.2764187409066118 0.07853259284347798 0.2933568889416463 0.1342989073095774 0.393503797617363 0.6547885662829178 0.8052098620359256 0.9747761219275768 1.2352185603244494 1.4351409965491864 1.4880942566501116
201 2010 -0.7418631314344752 -0.20027141786485195 0.0557117086520781 0.24363276602517814 0.12574176361890016 0.42397063601240936 0.6668876125238639 0.8433896176339498 1.029478989895139 1.2123171502027954 1.3144935469077157 1.5462728173376619
202 2020 -0.7418631314344752 -0.20027141786485195 0.0557117086520781 0.24363276602517814 0.12574176361890016 0.42397063601240936 0.6668876125238639 0.8433896176339498 1.029478989895139 1.2123171502027954 1.3144935469077157 1.5462728173376619
203 2030 -0.7418631314344752 -0.20027141786485195 0.0557117086520781 0.24363276602517814 0.12574176361890016 0.42397063601240936 0.6668876125238639 0.8433896176339498 1.029478989895139 1.2123171502027954 1.3144935469077157 1.5462728173376619
204 2040 -0.7418631314344752 -0.20027141786485195 0.0557117086520781 0.24363276602517814 0.12574176361890016 0.42397063601240936 0.6668876125238639 0.8433896176339498 1.029478989895139 1.2123171502027954 1.3144935469077157 1.5462728173376619
205 2050 -0.7418631314344752 -0.20027141786485195 0.0557117086520781 0.24363276602517814 0.12574176361890016 0.42397063601240936 0.6668876125238639 0.8433896176339498 1.029478989895139 1.2123171502027954 1.3144935469077157 1.5462728173376619
206 2060 -0.7418631314344752 -0.20027141786485195 0.0557117086520781 0.24363276602517814 0.12574176361890016 0.42397063601240936 0.6668876125238639 0.8433896176339498 1.029478989895139 1.2123171502027954 1.3144935469077157 1.5462728173376619
207 2070 -0.7418631314344752 -0.20027141786485195 0.0557117086520781 0.24363276602517814 0.12574176361890016 0.42397063601240936 0.6668876125238639 0.8433896176339498 1.029478989895139 1.2123171502027954 1.3144935469077157 1.5462728173376619
208 2080 -0.7418631314344752 -0.20027141786485195 0.0557117086520781 0.24363276602517814 0.12574176361890016 0.42397063601240936 0.6668876125238639 0.8433896176339498 1.029478989895139 1.2123171502027954 1.3144935469077157 1.5462728173376619
209 2090 -0.7992170906821748 -0.21156615285076072 0.03763315068225427 0.25412977593657377 0.11993452539732583 0.43321519262480285 0.6401272175649122 0.8741618359505551 1.0189166605711428 1.1950614297574476 1.3381792112348696 1.538483653774843
210 2100 -0.7992170906821748 -0.21156615285076072 0.03763315068225427 0.25412977593657377 0.11993452539732583 0.43321519262480285 0.6401272175649122 0.8741618359505551 1.0189166605711428 1.1950614297574476 1.3381792112348696 1.538483653774843
211 2110 -0.7992170906821748 -0.21156615285076072 0.03763315068225427 0.25412977593657377 0.11993452539732583 0.43321519262480285 0.6401272175649122 0.8741618359505551 1.0189166605711428 1.1950614297574476 1.3381792112348696 1.538483653774843
212 2120 -0.7992170906821748 -0.21156615285076072 0.03763315068225427 0.25412977593657377 0.11993452539732583 0.43321519262480285 0.6401272175649122 0.8741618359505551 1.0189166605711428 1.1950614297574476 1.3381792112348696 1.538483653774843
213 2130 -0.7992170906821748 -0.21156615285076072 0.03763315068225427 0.25412977593657377 0.11993452539732583 0.43321519262480285 0.6401272175649122 0.8741618359505551 1.0189166605711428 1.1950614297574476 1.3381792112348696 1.538483653774843
214 2140 -0.7992170906821748 -0.21156615285076072 0.03763315068225427 0.25412977593657377 0.11993452539732583 0.43321519262480285 0.6401272175649122 0.8741618359505551 1.0189166605711428 1.1950614297574476 1.3381792112348696 1.538483653774843
215 2150 -0.7992170906821748 -0.21156615285076072 0.03763315068225427 0.25412977593657377 0.11993452539732583 0.43321519262480285 0.6401272175649122 0.8741618359505551 1.0189166605711428 1.1950614297574476 1.3381792112348696 1.538483653774843
216 2160 -0.7992170906821748 -0.21156615285076072 0.03763315068225427 0.25412977593657377 0.11993452539732583 0.43321519262480285 0.6401272175649122 0.8741618359505551 1.0189166605711428 1.1950614297574476 1.3381792112348696 1.538483653774843
217 2170 -0.8566181511920312 -0.22338864098546188 0.020153428415196396 0.28260542217614615 0.09794179248901481 0.42077590380801716 0.6035758927920929 0.9362837632355576 1.0077651570255912 1.2462814079393527 1.2878433085200067 1.531363952040928
218 2180 -0.8566181511920312 -0.22338864098546188 0.020153428415196396 0.28260542217614615 0.09794179248901481 0.42077590380801716 0.6035758927920929 0.9362837632355576 1.0077651570255912 1.2462814079393527 1.2878433085200067 1.531363952040928
219 2190 -0.8566181511920312 -0.22338864098546188 0.020153428415196396 0.28260542217614615 0.09794179248901481 0.42077590380801716 0.6035758927920929 0.9362837632355576 1.0077651570255912 1.2462814079393527 1.2878433085200067 1.531363952040928
220 2200 -0.8566181511920312 -0.22338864098546188 0.020153428415196396 0.28260542217614615 0.09794179248901481 0.42077590380801716 0.6035758927920929 0.9362837632355576 1.0077651570255912 1.2462814079393527 1.2878433085200067 1.531363952040928
221 2210 -0.8566181511920312 -0.22338864098546188 0.020153428415196396 0.28260542217614615 0.09794179248901481 0.42077590380801716 0.6035758927920929 0.9362837632355576 1.0077651570255912 1.2462814079393527 1.2878433085200067 1.531363952040928
222 2220 -0.8566181511920312 -0.22338864098546188 0.020153428415196396 0.28260542217614615 0.09794179248901481 0.42077590380801716 0.6035758927920929 0.9362837632355576 1.0077651570255912 1.2462814079393527 1.2878433085200067 1.531363952040928
223 2230 -0.8566181511920312 -0.22338864098546188 0.020153428415196396 0.28260542217614615 0.09794179248901481 0.42077590380801716 0.6035758927920929 0.9362837632355576 1.0077651570255912 1.2462814079393527 1.2878433085200067 1.531363952040928
224 2240 -0.8566181511920312 -0.22338864098546188 0.020153428415196396 0.28260542217614615 0.09794179248901481 0.42077590380801716 0.6035758927920929 0.9362837632355576 1.0077651570255912 1.2462814079393527 1.2878433085200067 1.531363952040928
225 2250 -0.8219042107141028 -0.17413622533317635 0.020590933306029204 0.14692411383806747 0.11110135758461208 0.43643503562336755 0.6808195223646755 0.9370312347812495 1.0515397259277042 1.2302401214063696 1.3129023437628937 1.4535126677310308
226 2260 -0.8219042107141028 -0.17413622533317635 0.020590933306029204 0.14692411383806747 0.11110135758461208 0.43643503562336755 0.6808195223646755 0.9370312347812495 1.0515397259277042 1.2302401214063696 1.3129023437628937 1.4535126677310308
227 2270 -0.8219042107141028 -0.17413622533317635 0.020590933306029204 0.14692411383806747 0.11110135758461208 0.43643503562336755 0.6808195223646755 0.9370312347812495 1.0515397259277042 1.2302401214063696 1.3129023437628937 1.4535126677310308
228 2280 -0.8219042107141028 -0.17413622533317635 0.020590933306029204 0.14692411383806747 0.11110135758461208 0.43643503562336755 0.6808195223646755 0.9370312347812495 1.0515397259277042 1.2302401214063696 1.3129023437628937 1.4535126677310308
229 2290 -0.8219042107141028 -0.17413622533317635 0.020590933306029204 0.14692411383806747 0.11110135758461208 0.43643503562336755 0.6808195223646755 0.9370312347812495 1.0515397259277042 1.2302401214063696 1.3129023437628937 1.4535126677310308
230 2300 -0.8219042107141028 -0.17413622533317635 0.020590933306029204 0.14692411383806747 0.11110135758461208 0.43643503562336755 0.6808195223646755 0.9370312347812495 1.0515397259277042 1.2302401214063696 1.3129023437628937 1.4535126677310308
231 2310 -0.8219042107141028 -0.17413622533317635 0.020590933306029204 0.14692411383806747 0.11110135758461208 0.43643503562336755 0.6808195223646755 0.9370312347812495 1.0515397259277042 1.2302401214063696 1.3129023437628937 1.4535126677310308
232 2320 -0.8219042107141028 -0.17413622533317635 0.020590933306029204 0.14692411383806747 0.11110135758461208 0.43643503562336755 0.6808195223646755 0.9370312347812495 1.0515397259277042 1.2302401214063696 1.3129023437628937 1.4535126677310308
233 2330 -0.8215815565809179 -0.21337779678812382 0.03549502976311212 0.12113139907129025 0.09753172204269506 0.47830688113262554 0.6780859028152657 0.996658319769378 1.1388731669412702 1.1701097244231795 1.3105782426662367 1.3873635446326258
234 2340 -0.8215815565809179 -0.21337779678812382 0.03549502976311212 0.12113139907129025 0.09753172204269506 0.47830688113262554 0.6780859028152657 0.996658319769378 1.1388731669412702 1.1701097244231795 1.3105782426662367 1.3873635446326258
235 2350 -0.8215815565809179 -0.21337779678812382 0.03549502976311212 0.12113139907129025 0.09753172204269506 0.47830688113262554 0.6780859028152657 0.996658319769378 1.1388731669412702 1.1701097244231795 1.3105782426662367 1.3873635446326258
236 2360 -0.8215815565809179 -0.21337779678812382 0.03549502976311212 0.12113139907129025 0.09753172204269506 0.47830688113262554 0.6780859028152657 0.996658319769378 1.1388731669412702 1.1701097244231795 1.3105782426662367 1.3873635446326258
237 2370 -0.8215815565809179 -0.21337779678812382 0.03549502976311212 0.12113139907129025 0.09753172204269506 0.47830688113262554 0.6780859028152657 0.996658319769378 1.1388731669412702 1.1701097244231795 1.3105782426662367 1.3873635446326258
238 2380 -0.8215815565809179 -0.21337779678812382 0.03549502976311212 0.12113139907129025 0.09753172204269506 0.47830688113262554 0.6780859028152657 0.996658319769378 1.1388731669412702 1.1701097244231795 1.3105782426662367 1.3873635446326258
239 2390 -0.8215815565809179 -0.21337779678812382 0.03549502976311212 0.12113139907129025 0.09753172204269506 0.47830688113262554 0.6780859028152657 0.996658319769378 1.1388731669412702 1.1701097244231795 1.3105782426662367 1.3873635446326258
240 2400 -0.8215815565809179 -0.21337779678812382 0.03549502976311212 0.12113139907129025 0.09753172204269506 0.47830688113262554 0.6780859028152657 0.996658319769378 1.1388731669412702 1.1701097244231795 1.3105782426662367 1.3873635446326258
241 2410 -0.8603246543030809 -0.26444811850964856 0.0403049635836457 0.2206247129397712 0.08347175395385174 0.39418758813994964 0.5802788095712273 0.9949389462162133 1.059670065641254 1.2008400447890801 1.3740852080688282 1.4345710117991066
242 2420 -0.8603246543030809 -0.26444811850964856 0.0403049635836457 0.2206247129397712 0.08347175395385174 0.39418758813994964 0.5802788095712273 0.9949389462162133 1.059670065641254 1.2008400447890801 1.3740852080688282 1.4345710117991066
243 2430 -0.8603246543030809 -0.26444811850964856 0.0403049635836457 0.2206247129397712 0.08347175395385174 0.39418758813994964 0.5802788095712273 0.9949389462162133 1.059670065641254 1.2008400447890801 1.3740852080688282 1.4345710117991066
244 2440 -0.8603246543030809 -0.26444811850964856 0.0403049635836457 0.2206247129397712 0.08347175395385174 0.39418758813994964 0.5802788095712273 0.9949389462162133 1.059670065641254 1.2008400447890801 1.3740852080688282 1.4345710117991066
245 2450 -0.8603246543030809 -0.26444811850964856 0.0403049635836457 0.2206247129397712 0.08347175395385174 0.39418758813994964 0.5802788095712273 0.9949389462162133 1.059670065641254 1.2008400447890801 1.3740852080688282 1.4345710117991066
246 2460 -0.8603246543030809 -0.26444811850964856 0.0403049635836457 0.2206247129397712 0.08347175395385174 0.39418758813994964 0.5802788095712273 0.9949389462162133 1.059670065641254 1.2008400447890801 1.3740852080688282 1.4345710117991066
247 2470 -0.8603246543030809 -0.26444811850964856 0.0403049635836457 0.2206247129397712 0.08347175395385174 0.39418758813994964 0.5802788095712273 0.9949389462162133 1.059670065641254 1.2008400447890801 1.3740852080688282 1.4345710117991066
248 2480 -0.8603246543030809 -0.26444811850964856 0.0403049635836457 0.2206247129397712 0.08347175395385174 0.39418758813994964 0.5802788095712273 0.9949389462162133 1.059670065641254 1.2008400447890801 1.3740852080688282 1.4345710117991066
249 2490 -0.8370046314662414 -0.2966325418725025 0.06543132493099714 0.17381153494036328 0.06851959175375584 0.3727489391838366 0.6171854421437736 0.8865665861142669 1.11774201061409 1.2691416895263046 1.3738089822711095 1.3935659877166278
250 2500 -0.8370046314662414 -0.2966325418725025 0.06543132493099714 0.17381153494036328 0.06851959175375584 0.3727489391838366 0.6171854421437736 0.8865665861142669 1.11774201061409 1.2691416895263046 1.3738089822711095 1.3935659877166278
251 2510 -0.8370046314662414 -0.2966325418725025 0.06543132493099714 0.17381153494036328 0.06851959175375584 0.3727489391838366 0.6171854421437736 0.8865665861142669 1.11774201061409 1.2691416895263046 1.3738089822711095 1.3935659877166278
252 2520 -0.8370046314662414 -0.2966325418725025 0.06543132493099714 0.17381153494036328 0.06851959175375584 0.3727489391838366 0.6171854421437736 0.8865665861142669 1.11774201061409 1.2691416895263046 1.3738089822711095 1.3935659877166278
253 2530 -0.8370046314662414 -0.2966325418725025 0.06543132493099714 0.17381153494036328 0.06851959175375584 0.3727489391838366 0.6171854421437736 0.8865665861142669 1.11774201061409 1.2691416895263046 1.3738089822711095 1.3935659877166278
254 2540 -0.8370046314662414 -0.2966325418725025 0.06543132493099714 0.17381153494036328 0.06851959175375584 0.3727489391838366 0.6171854421437736 0.8865665861142669 1.11774201061409 1.2691416895263046 1.3738089822711095 1.3935659877166278
255 2550 -0.8370046314662414 -0.2966325418725025 0.06543132493099714 0.17381153494036328 0.06851959175375584 0.3727489391838366 0.6171854421437736 0.8865665861142669 1.11774201061409 1.2691416895263046 1.3738089822711095 1.3935659877166278
256 2560 -0.8370046314662414 -0.2966325418725025 0.06543132493099714 0.17381153494036328 0.06851959175375584 0.3727489391838366 0.6171854421437736 0.8865665861142669 1.11774201061409 1.2691416895263046 1.3738089822711095 1.3935659877166278
257 2570 -0.830396429027145 -0.2816252444092382 0.07004218232448661 0.21721545230639122 0.05554647813608713 0.382878779873593 0.6750769479561065 0.8592605683531412 1.0852244708657848 1.2345223640522471 1.3738268254072694 1.4377423458259835
258 2580 -0.830396429027145 -0.2816252444092382 0.07004218232448661 0.21721545230639122 0.05554647813608713 0.382878779873593 0.6750769479561065 0.8592605683531412 1.0852244708657848 1.2345223640522471 1.3738268254072694 1.4377423458259835
259 2590 -0.830396429027145 -0.2816252444092382 0.07004218232448661 0.21721545230639122 0.05554647813608713 0.382878779873593 0.6750769479561065 0.8592605683531412 1.0852244708657848 1.2345223640522471 1.3738268254072694 1.4377423458259835
260 2600 -0.830396429027145 -0.2816252444092382 0.07004218232448661 0.21721545230639122 0.05554647813608713 0.382878779873593 0.6750769479561065 0.8592605683531412 1.0852244708657848 1.2345223640522471 1.3738268254072694 1.4377423458259835
261 2610 -0.830396429027145 -0.2816252444092382 0.07004218232448661 0.21721545230639122 0.05554647813608713 0.382878779873593 0.6750769479561065 0.8592605683531412 1.0852244708657848 1.2345223640522471 1.3738268254072694 1.4377423458259835
262 2620 -0.830396429027145 -0.2816252444092382 0.07004218232448661 0.21721545230639122 0.05554647813608713 0.382878779873593 0.6750769479561065 0.8592605683531412 1.0852244708657848 1.2345223640522471 1.3738268254072694 1.4377423458259835
263 2630 -0.830396429027145 -0.2816252444092382 0.07004218232448661 0.21721545230639122 0.05554647813608713 0.382878779873593 0.6750769479561065 0.8592605683531412 1.0852244708657848 1.2345223640522471 1.3738268254072694 1.4377423458259835
264 2640 -0.830396429027145 -0.2816252444092382 0.07004218232448661 0.21721545230639122 0.05554647813608713 0.382878779873593 0.6750769479561065 0.8592605683531412 1.0852244708657848 1.2345223640522471 1.3738268254072694 1.4377423458259835
265 2650 -0.8318376821388715 -0.23065296594346485 0.06546101117602095 0.33808675331491156 0.0560114027337323 0.3905756381146353 0.655028016334346 0.8007480497133598 1.0281277730706773 1.2648899981801733 1.3677056997870392 1.498813512711647
266 2660 -0.8318376821388715 -0.23065296594346485 0.06546101117602095 0.33808675331491156 0.0560114027337323 0.3905756381146353 0.655028016334346 0.8007480497133598 1.0281277730706773 1.2648899981801733 1.3677056997870392 1.498813512711647
267 2670 -0.8318376821388715 -0.23065296594346485 0.06546101117602095 0.33808675331491156 0.0560114027337323 0.3905756381146353 0.655028016334346 0.8007480497133598 1.0281277730706773 1.2648899981801733 1.3677056997870392 1.498813512711647
268 2680 -0.8318376821388715 -0.23065296594346485 0.06546101117602095 0.33808675331491156 0.0560114027337323 0.3905756381146353 0.655028016334346 0.8007480497133598 1.0281277730706773 1.2648899981801733 1.3677056997870392 1.498813512711647
269 2690 -0.8318376821388715 -0.23065296594346485 0.06546101117602095 0.33808675331491156 0.0560114027337323 0.3905756381146353 0.655028016334346 0.8007480497133598 1.0281277730706773 1.2648899981801733 1.3677056997870392 1.498813512711647
270 2700 -0.8318376821388715 -0.23065296594346485 0.06546101117602095 0.33808675331491156 0.0560114027337323 0.3905756381146353 0.655028016334346 0.8007480497133598 1.0281277730706773 1.2648899981801733 1.3677056997870392 1.498813512711647
271 2710 -0.8318376821388715 -0.23065296594346485 0.06546101117602095 0.33808675331491156 0.0560114027337323 0.3905756381146353 0.655028016334346 0.8007480497133598 1.0281277730706773 1.2648899981801733 1.3677056997870392 1.498813512711647
272 2720 -0.8318376821388715 -0.23065296594346485 0.06546101117602095 0.33808675331491156 0.0560114027337323 0.3905756381146353 0.655028016334346 0.8007480497133598 1.0281277730706773 1.2648899981801733 1.3677056997870392 1.498813512711647
273 2730 -0.842829213313492 -0.3082284758306261 -0.00689844802931871 0.3038702400208834 0.056959613497753615 0.42128099842870187 0.690446152279952 0.8446875702762117 1.0100157562316214 1.262765557269846 1.3238083393298377 1.5039573605901868
274 2740 -0.842829213313492 -0.3082284758306261 -0.00689844802931871 0.3038702400208834 0.056959613497753615 0.42128099842870187 0.690446152279952 0.8446875702762117 1.0100157562316214 1.262765557269846 1.3238083393298377 1.5039573605901868
275 2750 -0.842829213313492 -0.3082284758306261 -0.00689844802931871 0.3038702400208834 0.056959613497753615 0.42128099842870187 0.690446152279952 0.8446875702762117 1.0100157562316214 1.262765557269846 1.3238083393298377 1.5039573605901868
276 2760 -0.842829213313492 -0.3082284758306261 -0.00689844802931871 0.3038702400208834 0.056959613497753615 0.42128099842870187 0.690446152279952 0.8446875702762117 1.0100157562316214 1.262765557269846 1.3238083393298377 1.5039573605901868
277 2770 -0.842829213313492 -0.3082284758306261 -0.00689844802931871 0.3038702400208834 0.056959613497753615 0.42128099842870187 0.690446152279952 0.8446875702762117 1.0100157562316214 1.262765557269846 1.3238083393298377 1.5039573605901868
278 2780 -0.842829213313492 -0.3082284758306261 -0.00689844802931871 0.3038702400208834 0.056959613497753615 0.42128099842870187 0.690446152279952 0.8446875702762117 1.0100157562316214 1.262765557269846 1.3238083393298377 1.5039573605901868
279 2790 -0.842829213313492 -0.3082284758306261 -0.00689844802931871 0.3038702400208834 0.056959613497753615 0.42128099842870187 0.690446152279952 0.8446875702762117 1.0100157562316214 1.262765557269846 1.3238083393298377 1.5039573605901868
280 2800 -0.842829213313492 -0.3082284758306261 -0.00689844802931871 0.3038702400208834 0.056959613497753615 0.42128099842870187 0.690446152279952 0.8446875702762117 1.0100157562316214 1.262765557269846 1.3238083393298377 1.5039573605901868
281 2810 -0.8414154873313975 -0.29129285735797283 0.023421576505909515 0.25225226064655804 0.057734610322187324 0.4049143082379017 0.7594921656910852 0.8746142463860034 1.018129150480419 1.226920868696798 1.300315443275414 1.5027277367858258
282 2820 -0.8414154873313975 -0.29129285735797283 0.023421576505909515 0.25225226064655804 0.057734610322187324 0.4049143082379017 0.7594921656910852 0.8746142463860034 1.018129150480419 1.226920868696798 1.300315443275414 1.5027277367858258
283 2830 -0.8414154873313975 -0.29129285735797283 0.023421576505909515 0.25225226064655804 0.057734610322187324 0.4049143082379017 0.7594921656910852 0.8746142463860034 1.018129150480419 1.226920868696798 1.300315443275414 1.5027277367858258
284 2840 -0.8414154873313975 -0.29129285735797283 0.023421576505909515 0.25225226064655804 0.057734610322187324 0.4049143082379017 0.7594921656910852 0.8746142463860034 1.018129150480419 1.226920868696798 1.300315443275414 1.5027277367858258
285 2850 -0.8414154873313975 -0.29129285735797283 0.023421576505909515 0.25225226064655804 0.057734610322187324 0.4049143082379017 0.7594921656910852 0.8746142463860034 1.018129150480419 1.226920868696798 1.300315443275414 1.5027277367858258
286 2860 -0.8414154873313975 -0.29129285735797283 0.023421576505909515 0.25225226064655804 0.057734610322187324 0.4049143082379017 0.7594921656910852 0.8746142463860034 1.018129150480419 1.226920868696798 1.300315443275414 1.5027277367858258
287 2870 -0.8414154873313975 -0.29129285735797283 0.023421576505909515 0.25225226064655804 0.057734610322187324 0.4049143082379017 0.7594921656910852 0.8746142463860034 1.018129150480419 1.226920868696798 1.300315443275414 1.5027277367858258
288 2880 -0.8414154873313975 -0.29129285735797283 0.023421576505909515 0.25225226064655804 0.057734610322187324 0.4049143082379017 0.7594921656910852 0.8746142463860034 1.018129150480419 1.226920868696798 1.300315443275414 1.5027277367858258
289 2890 -0.865167902440003 -0.2526691796751181 0.04797933298432712 0.323442537517462 0.047838764868850345 0.4283561766819752 0.7203887903695197 0.87455573432501 1.0692589140589777 1.1520297411091687 1.304918595976111 1.5352898765133889
290 2900 -0.865167902440003 -0.2526691796751181 0.04797933298432712 0.323442537517462 0.047838764868850345 0.4283561766819752 0.7203887903695197 0.87455573432501 1.0692589140589777 1.1520297411091687 1.304918595976111 1.5352898765133889
291 2910 -0.865167902440003 -0.2526691796751181 0.04797933298432712 0.323442537517462 0.047838764868850345 0.4283561766819752 0.7203887903695197 0.87455573432501 1.0692589140589777 1.1520297411091687 1.304918595976111 1.5352898765133889
292 2920 -0.865167902440003 -0.2526691796751181 0.04797933298432712 0.323442537517462 0.047838764868850345 0.4283561766819752 0.7203887903695197 0.87455573432501 1.0692589140589777 1.1520297411091687 1.304918595976111 1.5352898765133889
293 2930 -0.865167902440003 -0.2526691796751181 0.04797933298432712 0.323442537517462 0.047838764868850345 0.4283561766819752 0.7203887903695197 0.87455573432501 1.0692589140589777 1.1520297411091687 1.304918595976111 1.5352898765133889
294 2940 -0.865167902440003 -0.2526691796751181 0.04797933298432712 0.323442537517462 0.047838764868850345 0.4283561766819752 0.7203887903695197 0.87455573432501 1.0692589140589777 1.1520297411091687 1.304918595976111 1.5352898765133889
295 2950 -0.865167902440003 -0.2526691796751181 0.04797933298432712 0.323442537517462 0.047838764868850345 0.4283561766819752 0.7203887903695197 0.87455573432501 1.0692589140589777 1.1520297411091687 1.304918595976111 1.5352898765133889
296 2960 -0.865167902440003 -0.2526691796751181 0.04797933298432712 0.323442537517462 0.047838764868850345 0.4283561766819752 0.7203887903695197 0.87455573432501 1.0692589140589777 1.1520297411091687 1.304918595976111 1.5352898765133889
297 2970 -0.8292048150020048 -0.24802931266645054 -0.0039055359330428816 0.1912734992982274 0.05123734796150421 0.38999334899485166 0.7269931008653423 0.9085081204358392 1.0802841898889992 1.200565005594592 1.319754324119342 1.4633018173622994
298 2980 -0.8292048150020048 -0.24802931266645054 -0.0039055359330428816 0.1912734992982274 0.05123734796150421 0.38999334899485166 0.7269931008653423 0.9085081204358392 1.0802841898889992 1.200565005594592 1.319754324119342 1.4633018173622994
299 2990 -0.8292048150020048 -0.24802931266645054 -0.0039055359330428816 0.1912734992982274 0.05123734796150421 0.38999334899485166 0.7269931008653423 0.9085081204358392 1.0802841898889992 1.200565005594592 1.319754324119342 1.4633018173622994
300 3000 -0.8292048150020048 -0.24802931266645054 -0.0039055359330428816 0.1912734992982274 0.05123734796150421 0.38999334899485166 0.7269931008653423 0.9085081204358392 1.0802841898889992 1.200565005594592 1.319754324119342 1.4633018173622994
301 3010 -0.8292048150020048 -0.24802931266645054 -0.0039055359330428816 0.1912734992982274 0.05123734796150421 0.38999334899485166 0.7269931008653423 0.9085081204358392 1.0802841898889992 1.200565005594592 1.319754324119342 1.4633018173622994
302 3020 -0.8292048150020048 -0.24802931266645054 -0.0039055359330428816 0.1912734992982274 0.05123734796150421 0.38999334899485166 0.7269931008653423 0.9085081204358392 1.0802841898889992 1.200565005594592 1.319754324119342 1.4633018173622994
303 3030 -0.8292048150020048 -0.24802931266645054 -0.0039055359330428816 0.1912734992982274 0.05123734796150421 0.38999334899485166 0.7269931008653423 0.9085081204358392 1.0802841898889992 1.200565005594592 1.319754324119342 1.4633018173622994
304 3040 -0.8292048150020048 -0.24802931266645054 -0.0039055359330428816 0.1912734992982274 0.05123734796150421 0.38999334899485166 0.7269931008653423 0.9085081204358392 1.0802841898889992 1.200565005594592 1.319754324119342 1.4633018173622994
305 3050 -0.8567762640304923 -0.23741442648567268 0.06293794648280741 0.23571203699848828 0.053061899841221546 0.4001692109535198 0.7023799407456581 0.970689774642402 1.0682824915847355 1.164724211635367 1.2759551872851977 1.508509597807307
306 3060 -0.8567762640304923 -0.23741442648567268 0.06293794648280741 0.23571203699848828 0.053061899841221546 0.4001692109535198 0.7023799407456581 0.970689774642402 1.0682824915847355 1.164724211635367 1.2759551872851977 1.508509597807307
307 3070 -0.8567762640304923 -0.23741442648567268 0.06293794648280741 0.23571203699848828 0.053061899841221546 0.4001692109535198 0.7023799407456581 0.970689774642402 1.0682824915847355 1.164724211635367 1.2759551872851977 1.508509597807307
308 3080 -0.8567762640304923 -0.23741442648567268 0.06293794648280741 0.23571203699848828 0.053061899841221546 0.4001692109535198 0.7023799407456581 0.970689774642402 1.0682824915847355 1.164724211635367 1.2759551872851977 1.508509597807307
309 3090 -0.8567762640304923 -0.23741442648567268 0.06293794648280741 0.23571203699848828 0.053061899841221546 0.4001692109535198 0.7023799407456581 0.970689774642402 1.0682824915847355 1.164724211635367 1.2759551872851977 1.508509597807307
310 3100 -0.8567762640304923 -0.23741442648567268 0.06293794648280741 0.23571203699848828 0.053061899841221546 0.4001692109535198 0.7023799407456581 0.970689774642402 1.0682824915847355 1.164724211635367 1.2759551872851977 1.508509597807307
311 3110 -0.8567762640304923 -0.23741442648567268 0.06293794648280741 0.23571203699848828 0.053061899841221546 0.4001692109535198 0.7023799407456581 0.970689774642402 1.0682824915847355 1.164724211635367 1.2759551872851977 1.508509597807307
312 3120 -0.8567762640304923 -0.23741442648567268 0.06293794648280741 0.23571203699848828 0.053061899841221546 0.4001692109535198 0.7023799407456581 0.970689774642402 1.0682824915847355 1.164724211635367 1.2759551872851977 1.508509597807307
313 3130 -0.8818187032860709 -0.25559517843295765 0.07912643080888805 0.35345357804804456 0.045304833459857606 0.42205039630947877 0.681724150726998 0.834783609551077 1.0769767222167035 1.1664947137708221 1.2543736102536336 1.6013018175934146
314 3140 -0.8818187032860709 -0.25559517843295765 0.07912643080888805 0.35345357804804456 0.045304833459857606 0.42205039630947877 0.681724150726998 0.834783609551077 1.0769767222167035 1.1664947137708221 1.2543736102536336 1.6013018175934146
315 3150 -0.8818187032860709 -0.25559517843295765 0.07912643080888805 0.35345357804804456 0.045304833459857606 0.42205039630947877 0.681724150726998 0.834783609551077 1.0769767222167035 1.1664947137708221 1.2543736102536336 1.6013018175934146
316 3160 -0.8818187032860709 -0.25559517843295765 0.07912643080888805 0.35345357804804456 0.045304833459857606 0.42205039630947877 0.681724150726998 0.834783609551077 1.0769767222167035 1.1664947137708221 1.2543736102536336 1.6013018175934146
317 3170 -0.8818187032860709 -0.25559517843295765 0.07912643080888805 0.35345357804804456 0.045304833459857606 0.42205039630947877 0.681724150726998 0.834783609551077 1.0769767222167035 1.1664947137708221 1.2543736102536336 1.6013018175934146
318 3180 -0.8818187032860709 -0.25559517843295765 0.07912643080888805 0.35345357804804456 0.045304833459857606 0.42205039630947877 0.681724150726998 0.834783609551077 1.0769767222167035 1.1664947137708221 1.2543736102536336 1.6013018175934146
319 3190 -0.8818187032860709 -0.25559517843295765 0.07912643080888805 0.35345357804804456 0.045304833459857606 0.42205039630947877 0.681724150726998 0.834783609551077 1.0769767222167035 1.1664947137708221 1.2543736102536336 1.6013018175934146
320 3200 -0.8818187032860709 -0.25559517843295765 0.07912643080888805 0.35345357804804456 0.045304833459857606 0.42205039630947877 0.681724150726998 0.834783609551077 1.0769767222167035 1.1664947137708221 1.2543736102536336 1.6013018175934146
321 3210 -0.8789642615528985 -0.23020860011070032 0.03671166851448501 0.2794222112691274 0.0476010958988656 0.45009154719855926 0.6156091260268366 0.8805447485664768 1.0846253676873647 1.1449848515640915 1.320103039449125 1.5526569328828221
322 3220 -0.8789642615528985 -0.23020860011070032 0.03671166851448501 0.2794222112691274 0.0476010958988656 0.45009154719855926 0.6156091260268366 0.8805447485664768 1.0846253676873647 1.1449848515640915 1.320103039449125 1.5526569328828221
323 3230 -0.8789642615528985 -0.23020860011070032 0.03671166851448501 0.2794222112691274 0.0476010958988656 0.45009154719855926 0.6156091260268366 0.8805447485664768 1.0846253676873647 1.1449848515640915 1.320103039449125 1.5526569328828221
324 3240 -0.8789642615528985 -0.23020860011070032 0.03671166851448501 0.2794222112691274 0.0476010958988656 0.45009154719855926 0.6156091260268366 0.8805447485664768 1.0846253676873647 1.1449848515640915 1.320103039449125 1.5526569328828221
325 3250 -0.8789642615528985 -0.23020860011070032 0.03671166851448501 0.2794222112691274 0.0476010958988656 0.45009154719855926 0.6156091260268366 0.8805447485664768 1.0846253676873647 1.1449848515640915 1.320103039449125 1.5526569328828221
326 3260 -0.8789642615528985 -0.23020860011070032 0.03671166851448501 0.2794222112691274 0.0476010958988656 0.45009154719855926 0.6156091260268366 0.8805447485664768 1.0846253676873647 1.1449848515640915 1.320103039449125 1.5526569328828221
327 3270 -0.8789642615528985 -0.23020860011070032 0.03671166851448501 0.2794222112691274 0.0476010958988656 0.45009154719855926 0.6156091260268366 0.8805447485664768 1.0846253676873647 1.1449848515640915 1.320103039449125 1.5526569328828221
328 3280 -0.8789642615528985 -0.23020860011070032 0.03671166851448501 0.2794222112691274 0.0476010958988656 0.45009154719855926 0.6156091260268366 0.8805447485664768 1.0846253676873647 1.1449848515640915 1.320103039449125 1.5526569328828221
329 3290 -0.9238475008705747 -0.29353263648420047 0.04573974544879386 0.3979975625509027 0.03644892712428425 0.4270532897721321 0.6568921341102361 0.8076252199491455 1.1020809156167046 1.1320072617738584 1.2938711958299114 1.6007516156414934
330 3300 -0.9238475008705747 -0.29353263648420047 0.04573974544879386 0.3979975625509027 0.03644892712428425 0.4270532897721321 0.6568921341102361 0.8076252199491455 1.1020809156167046 1.1320072617738584 1.2938711958299114 1.6007516156414934
331 3310 -0.9238475008705747 -0.29353263648420047 0.04573974544879386 0.3979975625509027 0.03644892712428425 0.4270532897721321 0.6568921341102361 0.8076252199491455 1.1020809156167046 1.1320072617738584 1.2938711958299114 1.6007516156414934
332 3320 -0.9238475008705747 -0.29353263648420047 0.04573974544879386 0.3979975625509027 0.03644892712428425 0.4270532897721321 0.6568921341102361 0.8076252199491455 1.1020809156167046 1.1320072617738584 1.2938711958299114 1.6007516156414934
333 3330 -0.9238475008705747 -0.29353263648420047 0.04573974544879386 0.3979975625509027 0.03644892712428425 0.4270532897721321 0.6568921341102361 0.8076252199491455 1.1020809156167046 1.1320072617738584 1.2938711958299114 1.6007516156414934
334 3340 -0.9238475008705747 -0.29353263648420047 0.04573974544879386 0.3979975625509027 0.03644892712428425 0.4270532897721321 0.6568921341102361 0.8076252199491455 1.1020809156167046 1.1320072617738584 1.2938711958299114 1.6007516156414934
335 3350 -0.9238475008705747 -0.29353263648420047 0.04573974544879386 0.3979975625509027 0.03644892712428425 0.4270532897721321 0.6568921341102361 0.8076252199491455 1.1020809156167046 1.1320072617738584 1.2938711958299114 1.6007516156414934
336 3360 -0.9238475008705747 -0.29353263648420047 0.04573974544879386 0.3979975625509027 0.03644892712428425 0.4270532897721321 0.6568921341102361 0.8076252199491455 1.1020809156167046 1.1320072617738584 1.2938711958299114 1.6007516156414934
337 3370 -0.9325505539707545 -0.2567341668142765 0.0982863815282051 0.4004257484038935 0.03516233269494659 0.4415092259999395 0.6985130891822404 0.7821385640691721 1.0966870718364292 1.153102519345192 1.2389214656155696 1.6238465422991355
338 3380 -0.9325505539707545 -0.2567341668142765 0.0982863815282051 0.4004257484038935 0.03516233269494659 0.4415092259999395 0.6985130891822404 0.7821385640691721 1.0966870718364292 1.153102519345192 1.2389214656155696 1.6238465422991355
339 3390 -0.9325505539707545 -0.2567341668142765 0.0982863815282051 0.4004257484038935 0.03516233269494659 0.4415092259999395 0.6985130891822404 0.7821385640691721 1.0966870718364292 1.153102519345192 1.2389214656155696 1.6238465422991355
340 3400 -0.9325505539707545 -0.2567341668142765 0.0982863815282051 0.4004257484038935 0.03516233269494659 0.4415092259999395 0.6985130891822404 0.7821385640691721 1.0966870718364292 1.153102519345192 1.2389214656155696 1.6238465422991355
341 3410 -0.9325505539707545 -0.2567341668142765 0.0982863815282051 0.4004257484038935 0.03516233269494659 0.4415092259999395 0.6985130891822404 0.7821385640691721 1.0966870718364292 1.153102519345192 1.2389214656155696 1.6238465422991355
342 3420 -0.9325505539707545 -0.2567341668142765 0.0982863815282051 0.4004257484038935 0.03516233269494659 0.4415092259999395 0.6985130891822404 0.7821385640691721 1.0966870718364292 1.153102519345192 1.2389214656155696 1.6238465422991355
343 3430 -0.9325505539707545 -0.2567341668142765 0.0982863815282051 0.4004257484038935 0.03516233269494659 0.4415092259999395 0.6985130891822404 0.7821385640691721 1.0966870718364292 1.153102519345192 1.2389214656155696 1.6238465422991355
344 3440 -0.9325505539707545 -0.2567341668142765 0.0982863815282051 0.4004257484038935 0.03516233269494659 0.4415092259999395 0.6985130891822404 0.7821385640691721 1.0966870718364292 1.153102519345192 1.2389214656155696 1.6238465422991355
345 3450 -0.9372770331683798 -0.2038582121935767 0.0581737728804057 0.3662036756692431 0.027136187252566255 0.47505092880750804 0.7245965454431254 0.8117089501151419 1.0769756075499493 1.1136685999888432 1.3196896750568647 1.5645969515197822
346 3460 -0.9372770331683798 -0.2038582121935767 0.0581737728804057 0.3662036756692431 0.027136187252566255 0.47505092880750804 0.7245965454431254 0.8117089501151419 1.0769756075499493 1.1136685999888432 1.3196896750568647 1.5645969515197822
347 3470 -0.9372770331683798 -0.2038582121935767 0.0581737728804057 0.3662036756692431 0.027136187252566255 0.47505092880750804 0.7245965454431254 0.8117089501151419 1.0769756075499493 1.1136685999888432 1.3196896750568647 1.5645969515197822
348 3480 -0.9372770331683798 -0.2038582121935767 0.0581737728804057 0.3662036756692431 0.027136187252566255 0.47505092880750804 0.7245965454431254 0.8117089501151419 1.0769756075499493 1.1136685999888432 1.3196896750568647 1.5645969515197822
349 3490 -0.9372770331683798 -0.2038582121935767 0.0581737728804057 0.3662036756692431 0.027136187252566255 0.47505092880750804 0.7245965454431254 0.8117089501151419 1.0769756075499493 1.1136685999888432 1.3196896750568647 1.5645969515197822
350 3500 -0.9372770331683798 -0.2038582121935767 0.0581737728804057 0.3662036756692431 0.027136187252566255 0.47505092880750804 0.7245965454431254 0.8117089501151419 1.0769756075499493 1.1136685999888432 1.3196896750568647 1.5645969515197822
351 3510 -0.9372770331683798 -0.2038582121935767 0.0581737728804057 0.3662036756692431 0.027136187252566255 0.47505092880750804 0.7245965454431254 0.8117089501151419 1.0769756075499493 1.1136685999888432 1.3196896750568647 1.5645969515197822
352 3520 -0.9372770331683798 -0.2038582121935767 0.0581737728804057 0.3662036756692431 0.027136187252566255 0.47505092880750804 0.7245965454431254 0.8117089501151419 1.0769756075499493 1.1136685999888432 1.3196896750568647 1.5645969515197822
353 3530 -0.9242389211072439 -0.29293627254111915 0.08085556440357092 0.3897659468457831 0.027426490893089985 0.5035167947559878 0.6715524952668226 0.8282080027870851 1.0220905022686628 1.1072701562858633 1.3915752282852947 1.5497127364159722
354 3540 -0.9242389211072439 -0.29293627254111915 0.08085556440357092 0.3897659468457831 0.027426490893089985 0.5035167947559878 0.6715524952668226 0.8282080027870851 1.0220905022686628 1.1072701562858633 1.3915752282852947 1.5497127364159722
355 3550 -0.9242389211072439 -0.29293627254111915 0.08085556440357092 0.3897659468457831 0.027426490893089985 0.5035167947559878 0.6715524952668226 0.8282080027870851 1.0220905022686628 1.1072701562858633 1.3915752282852947 1.5497127364159722
356 3560 -0.9242389211072439 -0.29293627254111915 0.08085556440357092 0.3897659468457831 0.027426490893089985 0.5035167947559878 0.6715524952668226 0.8282080027870851 1.0220905022686628 1.1072701562858633 1.3915752282852947 1.5497127364159722
357 3570 -0.9242389211072439 -0.29293627254111915 0.08085556440357092 0.3897659468457831 0.027426490893089985 0.5035167947559878 0.6715524952668226 0.8282080027870851 1.0220905022686628 1.1072701562858633 1.3915752282852947 1.5497127364159722
358 3580 -0.9242389211072439 -0.29293627254111915 0.08085556440357092 0.3897659468457831 0.027426490893089985 0.5035167947559878 0.6715524952668226 0.8282080027870851 1.0220905022686628 1.1072701562858633 1.3915752282852947 1.5497127364159722
359 3590 -0.9242389211072439 -0.29293627254111915 0.08085556440357092 0.3897659468457831 0.027426490893089985 0.5035167947559878 0.6715524952668226 0.8282080027870851 1.0220905022686628 1.1072701562858633 1.3915752282852947 1.5497127364159722
360 3600 -0.9242389211072439 -0.29293627254111915 0.08085556440357092 0.3897659468457831 0.027426490893089985 0.5035167947559878 0.6715524952668226 0.8282080027870851 1.0220905022686628 1.1072701562858633 1.3915752282852947 1.5497127364159722
361 3610 -0.908800136050957 -0.2583890524795124 0.09752551222285369 0.4370670809514471 0.026668242785928307 0.41895685933729515 0.6741902998368196 0.8642736109905439 1.060356393186875 1.104093154089019 1.3450875488382703 1.5715039396304364
362 3620 -0.908800136050957 -0.2583890524795124 0.09752551222285369 0.4370670809514471 0.026668242785928307 0.41895685933729515 0.6741902998368196 0.8642736109905439 1.060356393186875 1.104093154089019 1.3450875488382703 1.5715039396304364
363 3630 -0.908800136050957 -0.2583890524795124 0.09752551222285369 0.4370670809514471 0.026668242785928307 0.41895685933729515 0.6741902998368196 0.8642736109905439 1.060356393186875 1.104093154089019 1.3450875488382703 1.5715039396304364
364 3640 -0.908800136050957 -0.2583890524795124 0.09752551222285369 0.4370670809514471 0.026668242785928307 0.41895685933729515 0.6741902998368196 0.8642736109905439 1.060356393186875 1.104093154089019 1.3450875488382703 1.5715039396304364
365 3650 -0.908800136050957 -0.2583890524795124 0.09752551222285369 0.4370670809514471 0.026668242785928307 0.41895685933729515 0.6741902998368196 0.8642736109905439 1.060356393186875 1.104093154089019 1.3450875488382703 1.5715039396304364
366 3660 -0.908800136050957 -0.2583890524795124 0.09752551222285369 0.4370670809514471 0.026668242785928307 0.41895685933729515 0.6741902998368196 0.8642736109905439 1.060356393186875 1.104093154089019 1.3450875488382703 1.5715039396304364
367 3670 -0.908800136050957 -0.2583890524795124 0.09752551222285369 0.4370670809514471 0.026668242785928307 0.41895685933729515 0.6741902998368196 0.8642736109905439 1.060356393186875 1.104093154089019 1.3450875488382703 1.5715039396304364
368 3680 -0.908800136050957 -0.2583890524795124 0.09752551222285369 0.4370670809514471 0.026668242785928307 0.41895685933729515 0.6741902998368196 0.8642736109905439 1.060356393186875 1.104093154089019 1.3450875488382703 1.5715039396304364
369 3690 -0.8763435388829695 -0.27098526860557626 0.032279652174190286 0.3325513336659863 0.02985657937072146 0.40709843544575924 0.671646234149771 0.9314727538818582 1.0133660066727648 1.153206469993454 1.4281033989236902 1.455456680743884
370 3700 -0.8763435388829695 -0.27098526860557626 0.032279652174190286 0.3325513336659863 0.02985657937072146 0.40709843544575924 0.671646234149771 0.9314727538818582 1.0133660066727648 1.153206469993454 1.4281033989236902 1.455456680743884
371 3710 -0.8763435388829695 -0.27098526860557626 0.032279652174190286 0.3325513336659863 0.02985657937072146 0.40709843544575924 0.671646234149771 0.9314727538818582 1.0133660066727648 1.153206469993454 1.4281033989236902 1.455456680743884
372 3720 -0.8763435388829695 -0.27098526860557626 0.032279652174190286 0.3325513336659863 0.02985657937072146 0.40709843544575924 0.671646234149771 0.9314727538818582 1.0133660066727648 1.153206469993454 1.4281033989236902 1.455456680743884
373 3730 -0.8763435388829695 -0.27098526860557626 0.032279652174190286 0.3325513336659863 0.02985657937072146 0.40709843544575924 0.671646234149771 0.9314727538818582 1.0133660066727648 1.153206469993454 1.4281033989236902 1.455456680743884
374 3740 -0.8763435388829695 -0.27098526860557626 0.032279652174190286 0.3325513336659863 0.02985657937072146 0.40709843544575924 0.671646234149771 0.9314727538818582 1.0133660066727648 1.153206469993454 1.4281033989236902 1.455456680743884
375 3750 -0.8763435388829695 -0.27098526860557626 0.032279652174190286 0.3325513336659863 0.02985657937072146 0.40709843544575924 0.671646234149771 0.9314727538818582 1.0133660066727648 1.153206469993454 1.4281033989236902 1.455456680743884
376 3760 -0.8763435388829695 -0.27098526860557626 0.032279652174190286 0.3325513336659863 0.02985657937072146 0.40709843544575924 0.671646234149771 0.9314727538818582 1.0133660066727648 1.153206469993454 1.4281033989236902 1.455456680743884
377 3770 -0.8578518759761136 -0.30283686818621547 0.05983958263835044 0.29545935971381854 0.030329945531188965 0.3942582044085321 0.59752259882549 0.8858025214046249 0.9724781605381106 1.2034081241279475 1.4331488741942204 1.5013795716213074
378 3780 -0.8578518759761136 -0.30283686818621547 0.05983958263835044 0.29545935971381854 0.030329945531188965 0.3942582044085321 0.59752259882549 0.8858025214046249 0.9724781605381106 1.2034081241279475 1.4331488741942204 1.5013795716213074
379 3790 -0.8578518759761136 -0.30283686818621547 0.05983958263835044 0.29545935971381854 0.030329945531188965 0.3942582044085321 0.59752259882549 0.8858025214046249 0.9724781605381106 1.2034081241279475 1.4331488741942204 1.5013795716213074
380 3800 -0.8578518759761136 -0.30283686818621547 0.05983958263835044 0.29545935971381854 0.030329945531188965 0.3942582044085321 0.59752259882549 0.8858025214046249 0.9724781605381106 1.2034081241279475 1.4331488741942204 1.5013795716213074
381 3810 -0.8578518759761136 -0.30283686818621547 0.05983958263835044 0.29545935971381854 0.030329945531188965 0.3942582044085321 0.59752259882549 0.8858025214046249 0.9724781605381106 1.2034081241279475 1.4331488741942204 1.5013795716213074
382 3820 -0.8578518759761136 -0.30283686818621547 0.05983958263835044 0.29545935971381854 0.030329945531188965 0.3942582044085321 0.59752259882549 0.8858025214046249 0.9724781605381106 1.2034081241279475 1.4331488741942204 1.5013795716213074
383 3830 -0.8578518759761136 -0.30283686818621547 0.05983958263835044 0.29545935971381854 0.030329945531188965 0.3942582044085321 0.59752259882549 0.8858025214046249 0.9724781605381106 1.2034081241279475 1.4331488741942204 1.5013795716213074
384 3840 -0.8578518759761136 -0.30283686818621547 0.05983958263835044 0.29545935971381854 0.030329945531188965 0.3942582044085321 0.59752259882549 0.8858025214046249 0.9724781605381106 1.2034081241279475 1.4331488741942204 1.5013795716213074
385 3850 -0.8434938461990119 -0.32301804448084404 0.05462045689121561 0.31835473428895833 0.03144761670384168 0.5048716729959094 0.6418410009331177 0.8930739405438326 0.9698918028759014 1.1876430432619065 1.3904640003743394 1.4999994878737004
386 3860 -0.8434938461990119 -0.32301804448084404 0.05462045689121561 0.31835473428895833 0.03144761670384168 0.5048716729959094 0.6418410009331177 0.8930739405438326 0.9698918028759014 1.1876430432619065 1.3904640003743394 1.4999994878737004
387 3870 -0.8434938461990119 -0.32301804448084404 0.05462045689121561 0.31835473428895833 0.03144761670384168 0.5048716729959094 0.6418410009331177 0.8930739405438326 0.9698918028759014 1.1876430432619065 1.3904640003743394 1.4999994878737004
388 3880 -0.8434938461990119 -0.32301804448084404 0.05462045689121561 0.31835473428895833 0.03144761670384168 0.5048716729959094 0.6418410009331177 0.8930739405438326 0.9698918028759014 1.1876430432619065 1.3904640003743394 1.4999994878737004
389 3890 -0.8434938461990119 -0.32301804448084404 0.05462045689121561 0.31835473428895833 0.03144761670384168 0.5048716729959094 0.6418410009331177 0.8930739405438326 0.9698918028759014 1.1876430432619065 1.3904640003743394 1.4999994878737004
390 3900 -0.8434938461990119 -0.32301804448084404 0.05462045689121561 0.31835473428895833 0.03144761670384168 0.5048716729959094 0.6418410009331177 0.8930739405438326 0.9698918028759014 1.1876430432619065 1.3904640003743394 1.4999994878737004
391 3910 -0.8434938461990119 -0.32301804448084404 0.05462045689121561 0.31835473428895833 0.03144761670384168 0.5048716729959094 0.6418410009331177 0.8930739405438326 0.9698918028759014 1.1876430432619065 1.3904640003743394 1.4999994878737004
392 3920 -0.8434938461990119 -0.32301804448084404 0.05462045689121561 0.31835473428895833 0.03144761670384168 0.5048716729959094 0.6418410009331177 0.8930739405438326 0.9698918028759014 1.1876430432619065 1.3904640003743394 1.4999994878737004
393 3930 -0.8339494065366938 -0.2109755893151279 0.06514622870335611 0.2611260684061286 0.03562151534585042 0.4898414628880196 0.6261481211852777 0.9300821251462799 1.088013191226725 1.1634048619245922 1.3875379752254478 1.4279800453696252
394 3940 -0.8339494065366938 -0.2109755893151279 0.06514622870335611 0.2611260684061286 0.03562151534585042 0.4898414628880196 0.6261481211852777 0.9300821251462799 1.088013191226725 1.1634048619245922 1.3875379752254478 1.4279800453696252
395 3950 -0.8339494065366938 -0.2109755893151279 0.06514622870335611 0.2611260684061286 0.03562151534585042 0.4898414628880196 0.6261481211852777 0.9300821251462799 1.088013191226725 1.1634048619245922 1.3875379752254478 1.4279800453696252
396 3960 -0.8339494065366938 -0.2109755893151279 0.06514622870335611 0.2611260684061286 0.03562151534585042 0.4898414628880196 0.6261481211852777 0.9300821251462799 1.088013191226725 1.1634048619245922 1.3875379752254478 1.4279800453696252
397 3970 -0.8339494065366938 -0.2109755893151279 0.06514622870335611 0.2611260684061286 0.03562151534585042 0.4898414628880196 0.6261481211852777 0.9300821251462799 1.088013191226725 1.1634048619245922 1.3875379752254478 1.4279800453696252
398 3980 -0.8339494065366938 -0.2109755893151279 0.06514622870335611 0.2611260684061286 0.03562151534585042 0.4898414628880196 0.6261481211852777 0.9300821251462799 1.088013191226725 1.1634048619245922 1.3875379752254478 1.4279800453696252
399 3990 -0.8339494065366938 -0.2109755893151279 0.06514622870335611 0.2611260684061286 0.03562151534585042 0.4898414628880196 0.6261481211852777 0.9300821251462799 1.088013191226725 1.1634048619245922 1.3875379752254478 1.4279800453696252
400 4000 -0.8339494065366938 -0.2109755893151279 0.06514622870335611 0.2611260684061286 0.03562151534585042 0.4898414628880196 0.6261481211852777 0.9300821251462799 1.088013191226725 1.1634048619245922 1.3875379752254478 1.4279800453696252
401 4010 -0.8649802215520854 -0.3003439518598474 0.049435970029411525 0.28518371902448847 0.03660168042296086 0.47887160249586125 0.6157166919946584 0.881556571645151 1.0675183123044352 1.2152119637790189 1.24772086206247 1.5620340770478673
402 4020 -0.8649802215520854 -0.3003439518598474 0.049435970029411525 0.28518371902448847 0.03660168042296086 0.47887160249586125 0.6157166919946584 0.881556571645151 1.0675183123044352 1.2152119637790189 1.24772086206247 1.5620340770478673
403 4030 -0.8649802215520854 -0.3003439518598474 0.049435970029411525 0.28518371902448847 0.03660168042296086 0.47887160249586125 0.6157166919946584 0.881556571645151 1.0675183123044352 1.2152119637790189 1.24772086206247 1.5620340770478673
404 4040 -0.8649802215520854 -0.3003439518598474 0.049435970029411525 0.28518371902448847 0.03660168042296086 0.47887160249586125 0.6157166919946584 0.881556571645151 1.0675183123044352 1.2152119637790189 1.24772086206247 1.5620340770478673
405 4050 -0.8649802215520854 -0.3003439518598474 0.049435970029411525 0.28518371902448847 0.03660168042296086 0.47887160249586125 0.6157166919946584 0.881556571645151 1.0675183123044352 1.2152119637790189 1.24772086206247 1.5620340770478673
406 4060 -0.8649802215520854 -0.3003439518598474 0.049435970029411525 0.28518371902448847 0.03660168042296086 0.47887160249586125 0.6157166919946584 0.881556571645151 1.0675183123044352 1.2152119637790189 1.24772086206247 1.5620340770478673
407 4070 -0.8649802215520854 -0.3003439518598474 0.049435970029411525 0.28518371902448847 0.03660168042296086 0.47887160249586125 0.6157166919946584 0.881556571645151 1.0675183123044352 1.2152119637790189 1.24772086206247 1.5620340770478673
408 4080 -0.8649802215520854 -0.3003439518598474 0.049435970029411525 0.28518371902448847 0.03660168042296086 0.47887160249586125 0.6157166919946584 0.881556571645151 1.0675183123044352 1.2152119637790189 1.24772086206247 1.5620340770478673
409 4090 -0.836758448047808 -0.28835290490707016 0.07353014811344918 0.2834931766983561 0.03430036600436662 0.42184599440391213 0.6057474960887584 0.8615953314582208 1.0311261047589422 1.243280485723301 1.300360012347418 1.5529614695416776
410 4100 -0.836758448047808 -0.28835290490707016 0.07353014811344918 0.2834931766983561 0.03430036600436662 0.42184599440391213 0.6057474960887584 0.8615953314582208 1.0311261047589422 1.243280485723301 1.300360012347418 1.5529614695416776
411 4110 -0.836758448047808 -0.28835290490707016 0.07353014811344918 0.2834931766983561 0.03430036600436662 0.42184599440391213 0.6057474960887584 0.8615953314582208 1.0311261047589422 1.243280485723301 1.300360012347418 1.5529614695416776
