% # columns="iteration, evaluation, sigma, axis ratio, bestever, best, median, worst objective function value, further objective values of best", seed=1036562, Wed Dec  8 15:42:40 2021, <python>{}</python>
1 10 0.43978683975715704 1.0000437509570452 64.90793150482102 6.4907931504821022e+01 263.3857064906014 538.3795726838399   
2 20 0.4173182356373441 1.1621927809766603 64.90793150482102 9.2259350973180062e+01 237.10995149080412 567.869424148653   
3 30 0.37474486064458956 1.334048488825092 48.43103587167813 4.8431035871678127e+01 157.18742426119314 248.5951327722846   
4 40 0.3455923702499935 1.4373819146965718 48.43103587167813 8.6613478670412846e+01 118.8791142120945 199.80514898991458   
5 50 0.32365387449166005 1.4874680608446003 48.43103587167813 7.7558725155994694e+01 150.6102655291227 229.1001284586227   
6 60 0.30178294047266124 1.5540128856368602 48.43103587167813 5.1809168990119112e+01 102.61667059464396 252.12160159310096   
7 70 0.31741120915375914 1.5743433399857565 35.285732541537 3.5285732541537001e+01 115.52813237054717 252.21056768172798   
8 80 0.32354730543363913 1.7748421036367503 33.38146859300801 3.3381468593008009e+01 84.1083194809849 159.8592596610985   
9 90 0.2992522968875109 1.8852709309990225 33.38146859300801 3.9465567024884763e+01 77.39419926404864 179.47663450236655   
10 100 0.3060854873787409 1.9014206805920886 18.373705941911435 1.8373705941911435e+01 55.43098776387235 153.1251749839541   
11 110 0.28544992623152776 1.9327901697666365 18.373705941911435 3.8882488228235353e+01 112.48518895671138 214.1776010751893   
12 120 0.2820821333476794 1.9123895691265906 18.373705941911435 3.5450691695973298e+01 90.1464232104267 172.4108272777662   
13 130 0.2562653606844123 1.9486954815509752 18.373705941911435 3.7189441893721039e+01 55.227725577464824 225.70689990578796   
14 140 0.22759326663281468 1.9541559213603439 13.42516627089799 1.3425166270897989e+01 97.4022001968704 341.92173482428507   
15 150 0.19834450425241984 1.8911254215996445 13.42516627089799 1.7307218710515471e+01 54.66352353927962 87.51230823539143   
16 160 0.19615384491112353 1.9234080495603105 13.42516627089799 1.4584981723302565e+01 31.91926908068563 96.4221307302331   
17 170 0.17234171510141194 1.9385711616120733 12.0299525460326 1.2029952546032600e+01 25.78332307281141 87.12364351138139   
18 180 0.16150098907848937 1.8763775173233215 10.542748095461784 1.0542748095461784e+01 27.181750633090253 57.55119275846404   
19 190 0.15666479722260718 1.9972967568183262 8.85474798371505 8.8547479837150505e+00 28.33188239949686 50.34075132615747   
20 200 0.14053709304301765 2.0017687273474594 8.85474798371505 1.1102961739913576e+01 20.1257808586866 47.60150951236357   
21 210 0.128297504569512 1.9993520399230407 8.85474798371505 9.7485074837229373e+00 14.012827256197944 32.65299960256782   
22 220 0.12643473908151012 2.0296277825309006 8.85474798371505 1.1110223105255681e+01 17.594935636790197 25.718491609582024   
23 230 0.1270914293805584 1.988220947111852 8.85474798371505 9.9806072305283564e+00 14.760172030113614 19.8713035807365   
24 240 0.11719566715278422 2.01569161426686 8.85474798371505 1.0967911726918178e+01 17.14347723218041 30.020006311345096   
25 250 0.10594808876257351 1.9910988525539988 8.85474798371505 9.4275753437410206e+00 13.251530033460204 17.126547408223665   
26 260 0.10629917813831193 2.0679256397838857 8.85474798371505 1.1404827484167262e+01 13.441328935420506 15.474484322956155   
27 270 0.09667692813232939 2.1582723238159787 8.56494783096046 8.5649478309604596e+00 14.121612005921538 19.16016635267534   
28 280 0.09737067840942687 2.2835751779484528 8.56494783096046 8.8835608996989599e+00 11.239285186882386 18.104845170974556   
29 290 0.09179297241042164 2.3558421654575956 8.527365321624849 8.5273653216248491e+00 10.990170219648144 17.964295467346176   
30 300 0.08132054979904134 2.4234403442282684 8.213351920473812 8.2133519204738121e+00 9.163410502166151 12.339280985307195   
31 310 0.07854992727149487 2.497564362412291 8.213351920473812 8.4572564090907569e+00 10.294421411188388 14.149265083235818   
32 320 0.07689672457411782 2.473020364745711 7.147212888248482 7.1472128882484824e+00 10.11200174543967 11.50414016444323   
33 330 0.07731509970450379 2.572008742377777 6.47834983710295 6.4783498371029502e+00 8.90122220269749 10.770862174610501   
34 340 0.07836222179456306 2.556638561720509 6.362783872447485 6.3627838724474852e+00 7.517560983944268 10.599124669618801   
35 350 0.07938041488876704 2.6914094074222503 5.903317487472009 5.9033174874720089e+00 7.459770872623062 11.222005393405581   
36 360 0.07686001690809931 2.8390846490213435 5.903317487472009 6.2920729213751407e+00 8.307275424779112 10.321151186235081   
37 370 0.07680663976815792 2.905504304017868 5.659110241411241 5.6591102414112413e+00 6.842627694094135 10.22993733447383   
38 380 0.06908942318511532 3.1145559576187405 5.659110241411241 7.7914585028377221e+00 8.955334928837669 10.058954284607875   
39 390 0.06116139042242739 3.083672132050602 5.548906211372256 5.5489062113722563e+00 7.489661866968473 12.53943278187176   
40 400 0.057915664220898576 3.266352562819847 5.548906211372256 5.8572130503722146e+00 7.206653426700578 9.705959687201906   
41 410 0.05243030909778428 3.2299614478035323 5.548906211372256 5.7661434576914337e+00 6.578229760073726 7.340905675514238   
42 420 0.04522908401726276 3.1360478571259054 5.548906211372256 5.6185862891220379e+00 6.3747987822304095 6.921296570173368   
43 430 0.04003302113801016 3.118407902956501 5.548906211372256 5.6671430089450272e+00 6.133658211066402 8.073644682255654   
44 440 0.039216432691245924 3.1683232997195816 5.481263665774347 5.4812636657743470e+00 5.712793916381841 6.148610815017704   
45 450 0.0332637111835058 3.331763805602821 5.481263665774347 5.5027793689495219e+00 5.804469701924473 5.9161628630355265   
46 460 0.033298195515875165 3.48338577416035 5.278238202563219 5.2782382025632186e+00 5.606228254947 6.029696128808234   
47 470 0.03274319483447722 3.5715287186476847 5.185458855869518 5.1854588558695180e+00 5.6004450979511775 5.787470079143072   
48 480 0.031102854731544557 3.620098582772334 5.185458855869518 5.2318508988622972e+00 5.44590637581487 5.797267100746167   
49 490 0.028596195130626913 3.677857030047451 5.145107056441735 5.1451070564417352e+00 5.316744013756406 5.495070566690396   
50 500 0.026936529242267596 3.6502689725544393 5.062398132503853 5.0623981325038532e+00 5.239352258323615 5.406277368487514   
51 510 0.027714839103815697 3.6366165343069823 4.96437824788882 4.9643782478888197e+00 5.1505817081475165 5.4196665688249634   
52 520 0.030457616807563013 3.9850733684246102 4.941742681060826 4.9417426810608260e+00 5.093642513777045 5.1745761625842865   
53 530 0.03234406815119075 4.491675724130646 4.8860472211192185 4.8860472211192185e+00 4.9646326855191 5.445360687923159   
54 540 0.03190116134354757 4.79469621716943 4.829387669302656 4.8293876693026556e+00 5.075046517628213 5.231092248083595   
55 550 0.030417644555962357 4.785500031742738 4.829387669302656 4.8896416087137302e+00 5.058212681940148 5.306705955575754   
56 560 0.028850487258742452 4.753595674821271 4.7717515299029785 4.7717515299029785e+00 5.034881316300832 5.433925493503141   
57 570 0.028897003287930115 5.2789135809138426 4.723230735166615 4.7232307351666147e+00 4.93888283362522 5.277337037434162   
58 580 0.029805769206006208 5.487265429219436 4.723230735166615 4.7289403906057839e+00 4.867471110647686 5.042188076256352   
59 590 0.031901461023714814 5.746763541101652 4.6355060194430875 4.6355060194430875e+00 4.852393169444839 4.997778991074938   
60 600 0.03561121996636457 5.732084296337192 4.544271657288694 4.5442716572886939e+00 4.858644336059105 5.224841946130998   
61 610 0.038647208075743386 5.924488279660074 4.544271657288694 4.5880908154687781e+00 4.724585399469655 5.192392340549672   
62 620 0.04044406427064723 5.643883579472963 4.544271657288694 4.5676633874944805e+00 4.723945090587145 5.104421656571954   
63 630 0.04204883960984049 5.915808118952774 4.544271657288694 4.5672904053974257e+00 4.8596001998444285 5.178171291697193   
64 640 0.049031544380514526 6.096085056658713 4.5324122623158924 4.5324122623158924e+00 4.7821470675400555 4.992415963907501   
65 650 0.053509808771531775 6.841201916453912 4.36889071748851 4.3688907174885099e+00 4.766082009507561 5.506541764471168   
66 660 0.049981211279703334 7.182508029442094 4.36889071748851 4.4536616310259216e+00 5.0679585458491845 6.140485404442937   
67 670 0.04370892634055243 7.1930374258787495 4.307854691160431 4.3078546911604310e+00 5.018806236913079 5.393931292537998   
68 680 0.0425206127587738 7.679466615503 4.227183220451861 4.2271832204518613e+00 4.591351039376006 5.077354448923454   
69 690 0.03737015964116286 7.510316655071149 4.227183220451861 4.3189432312788796e+00 4.610678713887326 5.0868147853089765   
70 700 0.036583520504481666 7.25521669351257 4.22519565573515 4.2251956557351500e+00 4.503885404654119 5.379270183809234   
71 710 0.04009793850738546 6.8173987764669075 4.099944425265251 4.0999444252652513e+00 4.490182862322212 4.755250478132639   
72 720 0.03821255373662483 6.853850921283697 4.099944425265251 4.1879150070025455e+00 4.381869516074542 5.7017975378273835   
73 730 0.03628067326440444 6.413878193335473 4.099944425265251 4.1698569510828971e+00 4.2466821074576995 4.727830641126106   
74 740 0.03682480786333494 6.496107353115215 4.017480565445048 4.0174805654450481e+00 4.185465579056125 4.47229000011122   
75 750 0.03845782768816497 6.8418334914665655 3.9630871850739 3.9630871850739000e+00 4.126008128045278 4.4398152398806765   
76 760 0.041811461458341345 7.055099557531216 3.8692393823809654 3.8692393823809654e+00 4.1924460448775065 4.9214111797631155   
77 770 0.04345075691688589 6.482505899564862 3.8692393823809654 3.9340047659484587e+00 4.324700005322528 4.496737515675512   
78 780 0.044666902120766044 6.486152357089845 3.8692393823809654 3.9408314470750181e+00 4.245195504736567 4.390252614115987   
79 790 0.04167003800146913 6.733902042811238 3.785954262581023 3.7859542625810230e+00 4.4074190530358415 4.847205713513881   
80 800 0.044142870267869394 6.7585842380991465 3.785954262581023 3.8547331460636309e+00 4.152637575091823 4.798499123395918   
81 810 0.05212552632029658 6.781142960409593 3.644348675380467 3.6443486753804670e+00 4.091873998166337 4.181100679591115   
82 820 0.06270333418460636 7.02877324258455 3.5404053735179524 3.5404053735179524e+00 4.016654553879038 4.509292910075751   
83 830 0.07335816509676879 7.36631766375664 3.5404053735179524 3.6718759697928585e+00 4.213346173230191 5.1315773366429305   
84 840 0.07137521227905419 7.0739454128091515 3.5404053735179524 3.6717487824713499e+00 4.489325135938654 5.510618239631336   
85 850 0.07093583626156551 7.278257080687014 3.5404053735179524 3.8168102682565839e+00 4.338041592059112 7.514068521573637   
86 860 0.06103590122865736 7.2433910609889365 3.5404053735179524 3.5779005280174969e+00 4.115729967367526 4.941219807480209   
87 870 0.05982930472061305 7.293844877346376 3.3942865964197266 3.3942865964197266e+00 4.003478761015111 4.7523741166304685   
88 880 0.055471173215080605 7.356298978838575 3.279419203078546 3.2794192030785458e+00 3.5951237608456825 4.704331471614472   
89 890 0.05052034201364244 7.355003853500083 3.2397016698687766 3.2397016698687766e+00 3.526713288015829 4.218636499940218   
90 900 0.042463828057352916 7.104657277016931 3.2397016698687766 3.3009428844294950e+00 3.55161605419792 4.12081971960149   
91 910 0.04177384951311195 6.998078710130307 3.2397016698687766 3.3903024715299352e+00 3.5902024226997185 3.8949920860040024   
92 920 0.03725344655807443 6.790155779026339 3.2397016698687766 3.3207609741252808e+00 3.4652712384764026 3.798728637671122   
93 930 0.03306997268616724 6.716147296478229 3.2397016698687766 3.3189155043027050e+00 3.4944591554948907 3.5366590093252848   
94 940 0.031159511054413377 6.655323987659634 3.2397016698687766 3.3065944514047976e+00 3.4592620211500633 3.6020041107800456   
95 950 0.030488390167281415 6.268308377363973 3.1533073028458767 3.1533073028458767e+00 3.36684425466675 3.4659748732564717   
96 960 0.026958950841232645 6.765891755946104 3.1533073028458767 3.2027962283088112e+00 3.3180798842880637 3.3908249856140062   
97 970 0.026926014099397124 7.027087677799907 3.1533073028458767 3.2223374310976030e+00 3.294316129173507 3.4311343645201786   
98 980 0.027558909354037583 7.029943611226239 3.1533073028458767 3.1861200736248576e+00 3.315826235447397 3.588879617604079   
99 990 0.026791437631475883 7.358549617217951 3.1533073028458767 3.1764317309708492e+00 3.2690388151163394 3.3857584721460254   
100 1000 0.032366295384893 7.377816006061072 3.092965296980548 3.0929652969805481e+00 3.2360954694073323 3.4175200987121137   
101 1010 0.035874889732789524 7.704553603776279 3.0742014651958804 3.0742014651958804e+00 3.25959895524121 3.4865428462658716   
102 1020 0.03964312833733565 7.859191383239757 3.025264446564285 3.0252644465642851e+00 3.257620027894098 3.4013517968985747   
103 1030 0.0425804037444883 8.165369210322837 3.0096130719201097 3.0096130719201097e+00 3.153668313915242 3.3881971286615133   
104 1040 0.04947930957396439 8.6054501526352 2.951796719497268 2.9517967194972679e+00 3.2101061051059077 3.441737903634361   
105 1050 0.05510347878894391 8.741527379221306 2.8050860732217946 2.8050860732217946e+00 3.100803473963035 3.765884249304233   
106 1060 0.05753220890499509 8.20740642764556 2.8050860732217946 2.8607878867372332e+00 2.989559906621221 3.4366220572158097   
107 1070 0.058632974077062416 8.18282179218621 2.8050860732217946 2.8361380018065852e+00 2.9114955060564633 3.1901541228853008   
108 1080 0.06023415422823153 9.208525085138014 2.8050860732217946 2.8234015375600894e+00 3.4693404100259064 3.6249234783595172   
109 1090 0.0568434650452001 9.765249456397253 2.8050860732217946 2.8799767113130690e+00 3.123698978198359 3.416035970066561   
110 1100 0.05186224147756932 9.5520201366517 2.795001732182799 2.7950017321827989e+00 3.1246767493101935 3.421810141922569   
111 1110 0.049338863167506915 9.392986133741818 2.770287944433556 2.7702879444335560e+00 2.900760812494525 3.180774676430765   
112 1120 0.04577003331295714 9.058608172607755 2.770287944433556 2.7850847807043735e+00 3.0726849870542345 3.2248855390214572   
113 1130 0.04314870576245445 9.07144550912903 2.639373299479289 2.6393732994792889e+00 2.9439637933646794 3.2800333002538293   
114 1140 0.04112679972567094 9.02205702022682 2.616808486312631 2.6168084863126309e+00 2.7908630604605307 3.2824600179234054   
115 1150 0.041239510068429255 9.17717447562675 2.561092440608896 2.5610924406088960e+00 2.784556538915629 3.0461441853481372   
116 1160 0.03901456865245341 9.183689861683703 2.561092440608896 2.6013383491459923e+00 2.6644244408089794 2.855329766566836   
117 1170 0.04205516072686837 9.1151356232259 2.532329747880351 2.5323297478803508e+00 2.711781903677306 3.074043986618431   
118 1180 0.04848492185105623 9.693980842722231 2.375649756037082 2.3756497560370819e+00 2.6542194142832525 3.059710693055207   
119 1190 0.060128286012275815 10.005202126763793 2.375649756037082 2.3835744286508236e+00 2.476030934564218 2.844018078966059   
120 1200 0.07402121335713988 10.009392680778303 2.375649756037082 2.5227513405413577e+00 2.6900670613475834 2.9428610683915215   
121 1210 0.07614319460866516 9.895713989900557 2.375649756037082 2.5123416050938436e+00 2.8814562295867505 3.1401159459020667   
122 1220 0.0758511235001025 10.24787702457153 2.375649756037082 2.4988631269227595e+00 2.8322998856784487 3.701913544597665   
123 1230 0.07624310148307971 10.076502041975473 2.375649756037082 2.4925807497007106e+00 3.1365149869158584 3.468248093378546   
124 1240 0.07001946855058508 10.106727760641622 2.210092672392941 2.2100926723929408e+00 2.861636247433301 3.1773658843082577   
125 1250 0.06805606676834561 10.124739429613962 2.1773494814698293 2.1773494814698293e+00 2.7211903209482164 2.8833950649768623   
126 1260 0.072830562674079 10.598550724993782 2.1773494814698293 2.2173328159231485e+00 2.3762053256020343 3.0856142747613395   
127 1270 0.06968168856629994 10.428886504166162 2.1773494814698293 2.2857149062129718e+00 2.671581052332743 3.1789302394910997   
128 1280 0.06908214895249222 10.09160567785824 2.1773494814698293 2.2925814252221164e+00 2.672114542884695 3.1813457510168264   
129 1290 0.06613305972784764 9.905729769781242 2.1773494814698293 2.2959143863763702e+00 2.6861389348383975 3.2740446621596817   
130 1300 0.060178467919740145 9.317352520633216 2.1773494814698293 2.2399916292555520e+00 2.4604842043679174 2.9510471234481215   
131 1310 0.05590955104876068 9.687900892356707 2.1563931782133126 2.1563931782133126e+00 2.4102360597009564 2.578147436387911   
132 1320 0.056142550291411096 9.526084038924154 2.027971438078208 2.0279714380782079e+00 2.274417561048162 2.5951343122749755   
133 1330 0.05287780708076373 9.310836983198758 1.9855862882155204 1.9855862882155204e+00 2.282097100222643 2.6254009445741744   
134 1340 0.048832943824794056 9.031328637179122 1.9702038954629808 1.9702038954629808e+00 2.2280347569879275 2.5073329401301185   
135 1350 0.05041859247332729 9.04028773200505 1.9436833847800699 1.9436833847800699e+00 2.11043471174785 2.33188265456958   
136 1360 0.052018092989887625 9.414243656099544 1.8714123201002697 1.8714123201002697e+00 2.071896612273254 2.3486142383858595   
137 1370 0.05206661442475579 10.062639257276928 1.8490078881828458 1.8490078881828458e+00 2.000562448352468 2.14320239769457   
138 1380 0.0551802000543909 10.552048262072331 1.7763025637102867 1.7763025637102867e+00 2.1083460381618586 2.322724782600572   
139 1390 0.05474771045283867 11.059602879990784 1.7763025637102867 1.8661982018669812e+00 1.9852751846535828 2.5094377987024523   
140 1400 0.04840445578708989 11.056023499217014 1.7763025637102867 1.8715837737975896e+00 2.110752117477089 2.6373298827347864   
141 1410 0.053144233941447974 10.83579411325906 1.7017865319231644 1.7017865319231644e+00 1.9122117203032034 2.2229438734105766   
142 1420 0.057989850954482926 11.36129043950341 1.7017865319231644 1.8113248659285581e+00 1.8987888825151893 2.029854342529494   
143 1430 0.057231592865158686 11.518882567210541 1.6992057941191425 1.6992057941191425e+00 1.9193824559947996 2.0702669195156203   
144 1440 0.06038994736578619 11.49259641929985 1.6295714423721233 1.6295714423721233e+00 1.8601461298671362 1.9631995213513784   
145 1450 0.06178248882000705 12.37823938814291 1.5522197815381853 1.5522197815381853e+00 1.7637870092189765 3.3771205621975775   
146 1460 0.059296303499477544 12.463518883763046 1.5522197815381853 1.6792963903524631e+00 1.833814781556915 2.0728298783034687   
147 1470 0.05539244903405787 12.89881488206844 1.5338895534133288 1.5338895534133288e+00 1.774033745850725 2.416932781026679   
148 1480 0.059366645934279094 13.056374722424716 1.5089034073222425 1.5089034073222425e+00 1.7961048384344314 2.0978452625117603   
149 1490 0.057659246900581405 13.270358305549928 1.5089034073222425 1.5173961340005027e+00 1.6496675700019057 1.9650516887806124   
150 1500 0.05508086886343454 13.521395273439335 1.5089034073222425 1.5381289580085040e+00 1.6581345027368641 1.9453312710722166   
151 1510 0.04788590385115821 13.533617949460806 1.5089034073222425 1.5527640424525861e+00 1.8264434267434848 1.9790043352178615   
152 1520 0.04314101225452656 13.533443582041725 1.464638751462458 1.4646387514624579e+00 1.6548373575367687 2.043938905691026   
153 1530 0.039644069888453176 13.333395717568619 1.464638751462458 1.4757739303240429e+00 1.6213829915684785 1.7155085960026701   
154 1540 0.03713089034923144 12.920279231102114 1.464638751462458 1.4926331333368765e+00 1.5586218284904039 1.7872086536479752   
155 1550 0.03664447536528632 13.472616406210678 1.454933732839327 1.4549337328393270e+00 1.5375256562743225 1.7368794054223924   
156 1560 0.03826521921501046 13.561946870869564 1.3701674832405535 1.3701674832405535e+00 1.4907797241807534 1.613300851225431   
157 1570 0.03943210740264348 13.734556610907562 1.3236675867376038 1.3236675867376038e+00 1.4693553005688016 1.610000077009996   
158 1580 0.04197178611819847 14.156044516225611 1.2784631991663749 1.2784631991663749e+00 1.4131104504665783 1.5498024312534415   
159 1590 0.046860678403687885 14.15350674240693 1.2202637415905437 1.2202637415905437e+00 1.3731332580147138 1.5356423919981776   
160 1600 0.05154014236717289 13.213270066257207 1.157591443801286 1.1575914438012860e+00 1.2941413683391454 1.4116064524250396   
161 1610 0.06199964587754827 12.281946502436336 1.1179711921606725 1.1179711921606725e+00 1.3183199899437161 1.451429653689167   
162 1620 0.06443624726294819 11.833014504904646 1.1179711921606725 1.1782757163058033e+00 1.2699683043221068 1.4073159152630321   
163 1630 0.06664237686227358 11.459402315407734 1.1104134762025613 1.1104134762025613e+00 1.2641865698816086 1.4827629845510362   
164 1640 0.0700728713273816 11.555860871606836 0.9844328024507522 9.8443280245075215e-01 1.2518825451486693 1.3360016760750062   
165 1650 0.06678817392121342 11.680328858237578 0.9844328024507522 1.0733182672744113e+00 1.1424601907810101 1.3207666982346322   
166 1660 0.06042375241018123 11.782991346285757 0.9844328024507522 1.0266707070251062e+00 1.3718501359717967 1.594593542037642   
167 1670 0.05577184970252322 11.066260176650678 0.9844328024507522 1.0805943165088692e+00 1.2070391855198903 1.3331880047640194   
168 1680 0.053693658184089235 11.247768698137435 0.9785862467099601 9.7858624670996008e-01 1.1882372431182469 1.3148873446053388   
169 1690 0.05584777314651779 11.448852320537965 0.9680152291013732 9.6801522910137316e-01 1.1075316335175716 1.3204148769657627   
170 1700 0.060969910175943276 12.543983969378852 0.9431004134259373 9.4310041342593731e-01 1.0121269643156692 1.380627386588311   
171 1710 0.06302730310828059 12.664995600726947 0.9295789613047516 9.2957896130475159e-01 1.0745065088954306 1.2969460817493574   
172 1720 0.0684678360018415 13.146015311495804 0.7739887075396465 7.7398870753964655e-01 1.0367048908786751 1.199238276878481   
173 1730 0.06446159629293655 13.624274720880642 0.7739887075396465 8.9755194250038628e-01 1.0037447236897037 1.066246429393875   
174 1740 0.06310327512060111 14.287516983939472 0.7739887075396465 8.1441656291422970e-01 1.0650337866993569 1.4463804261695516   
175 1750 0.06100986920451533 14.564146000595686 0.7739887075396465 7.8112629427424896e-01 0.9887756349807495 1.2056375651380207   
176 1760 0.05785121257555479 14.499308640897208 0.7739887075396465 8.3128853332534303e-01 0.91111440622595 0.9719526679349164   
177 1770 0.05842141342018598 14.363882554846624 0.7251070138776272 7.2510701387762722e-01 0.9381983208550182 1.0966380538070792   
178 1780 0.057731153897310476 14.471334735376248 0.7038475632450679 7.0384756324506792e-01 0.8893702222341457 0.962553758064747   
179 1790 0.058857621461551844 15.137250693839151 0.7038475632450679 7.2464715254510859e-01 0.84249756220107 0.94751270930123   
180 1800 0.05764026322487008 15.709301996510776 0.6984373479173945 6.9843734791739454e-01 0.8633621614156552 1.0528244076092133   
181 1810 0.05249570310412589 16.0031823128308 0.6463548315141543 6.4635483151415429e-01 0.7941683294353958 1.0524707606272368   
182 1820 0.05534508591047052 15.442012308631876 0.6240991879243087 6.2409918792430874e-01 0.7256226459975572 0.8526935176571677   
183 1830 0.056899793745878974 14.800521121101255 0.5878499089347472 5.8784990893474720e-01 0.7078054241983648 0.8553534182446849   
184 1840 0.05714105606509558 14.3651159430318 0.5602225029926867 5.6022250299268672e-01 0.6867003313295489 0.779135549300435   
185 1850 0.05700866889904652 14.306242243389994 0.5261447933530203 5.2614479335302033e-01 0.6665815438920331 0.86913497116396   
186 1860 0.05544990317876446 15.359899082812182 0.49055662266673317 4.9055662266673317e-01 0.6030532750597066 0.866596186242912   
187 1870 0.06155344708342341 15.557805453737624 0.49055662266673317 5.0854076039672924e-01 0.5638666625581532 0.8350983423405158   
188 1880 0.06568941546366198 15.949108035726768 0.4470286874040943 4.4702868740409429e-01 0.5867214624508187 0.7212329010171568   
189 1890 0.06651934238921074 17.954724307604437 0.4470286874040943 5.0568071945808102e-01 0.6100612124747309 1.043418591190211   
190 1900 0.06296843757172946 17.83678583073409 0.4470286874040943 5.0381127404001846e-01 0.6401213582688535 0.7136299847161707   
191 1910 0.06001969800045225 16.75872785255918 0.4470286874040943 4.9425000470891378e-01 0.5910984142653641 0.6760689204679573   
192 1920 0.05828213105620747 16.21296439267024 0.42096119263565307 4.2096119263565307e-01 0.5453605690144262 0.6672955221976087   
193 1930 0.06283880523125038 16.536623600010635 0.42096119263565307 4.2691569917552918e-01 0.4894180792877398 0.6018428179220263   
194 1940 0.06254936443728458 17.831103569555836 0.33157540007196473 3.3157540007196473e-01 0.5182521784548118 0.7773617783970648   
195 1950 0.06477454901725406 17.913951491854906 0.33157540007196473 3.5771648080415602e-01 0.45696235015474346 0.7093228201025835   
196 1960 0.07077005383457681 17.734758229322413 0.31109742341602303 3.1109742341602303e-01 0.42832389635448753 0.646512293157119   
197 1970 0.07542190268333035 18.5124861103114 0.31109742341602303 3.4259028288362908e-01 0.49469975917844367 0.8903260631799528   
198 1980 0.08216347904659455 19.223654869751833 0.31109742341602303 3.9949863283065112e-01 0.5389762730628586 0.8318299550410528   
199 1990 0.08305311544314406 19.513754440919445 0.28950208194721955 2.8950208194721955e-01 0.47991170716541576 0.6666445620164545   
200 2000 0.09557564551246044 19.374500668988535 0.28059145806403196 2.8059145806403196e-01 0.5083501457213508 1.334142351472965   
201 2010 0.09685578087392448 20.40808063447735 0.267234327960585 2.6723432796058499e-01 0.4713051887802716 0.5965292028622314   
202 2020 0.08715624017160553 21.041635670348185 0.22128886681165322 2.2128886681165322e-01 0.4216879358459087 0.9943631780988521   
203 2030 0.084907632820069 19.870102781456612 0.22128886681165322 2.2372994792649004e-01 0.426961283983505 0.5782930428713344   
204 2040 0.08016420598610112 20.483762341745496 0.22128886681165322 2.4098757979735796e-01 0.4667382493019251 0.856236264176164   
205 2050 0.07181770568905309 20.27873435649355 0.22128886681165322 2.7250818129298204e-01 0.3971620398886641 0.5111245845144425   
206 2060 0.07022806915546427 20.55275896272448 0.1929177121156641 1.9291771211566411e-01 0.3097478631447814 0.48490779953477536   
207 2070 0.06490330413787926 21.464575059393898 0.18388563405453884 1.8388563405453884e-01 0.2728530974306829 0.36939896442008546   
208 2080 0.06303201155893706 21.316332234135178 0.15702331777928596 1.5702331777928596e-01 0.253332235480274 0.35965678716918303   
209 2090 0.05634502008960997 21.855177667325805 0.15702331777928596 1.5733249179072684e-01 0.272157582430851 0.4006940505350318   
210 2100 0.049275081779431726 21.49654383502991 0.15702331777928596 1.8007768512023664e-01 0.20216518585394164 0.2758851378451813   
211 2110 0.04169238224175951 20.990822192193793 0.15702331777928596 1.5805493328271922e-01 0.20663619246084663 0.24244149875533613   
212 2120 0.03802049227256884 21.00538810171043 0.15216354148971134 1.5216354148971134e-01 0.17635494245862182 0.21173142697789796   
213 2130 0.038459141993836606 20.66866238345361 0.13447087587929113 1.3447087587929113e-01 0.17039191395978875 0.1931530028277172   
214 2140 0.03935989322303457 20.12787373948675 0.13447087587929113 1.4110282091143078e-01 0.1720224118572648 0.21580160133483167   
215 2150 0.041776662418370886 19.61526284732281 0.12563293976964024 1.2563293976964024e-01 0.1669882302186622 0.1959493167354337   
216 2160 0.04482801224613708 21.549178772518495 0.1244134953883074 1.2441349538830740e-01 0.15173364614517798 0.21295872602945143   
217 2170 0.05158151901212216 23.890671095583205 0.1193380136241414 1.1933801362414140e-01 0.144819022253878 0.22085808163212467   
218 2180 0.053129616093744766 26.42650506888832 0.09630567955412585 9.6305679554125848e-02 0.18165587771126118 0.2625614735267067   
219 2190 0.05252288283231565 28.355393290506743 0.09630567955412585 1.0256740226765980e-01 0.1657331499238782 0.37640034795273697   
220 2200 0.04994146041265134 28.996330590387846 0.09630567955412585 1.0475796527327567e-01 0.1411928329652382 0.23268953879720508   
221 2210 0.04743739683663187 29.064465197449262 0.09630567955412585 1.0520705756835602e-01 0.15535248289131875 0.2044287380669706   
222 2220 0.04573536931151251 29.043426977320934 0.09175752495700158 9.1757524957001582e-02 0.11099418330945318 0.22765933914743441   
223 2230 0.041645817711540065 28.991064613038336 0.08178434450563593 8.1784344505635931e-02 0.1237568121849863 0.13848522239745786   
224 2240 0.03801819147569396 26.919549908824237 0.08066550552748013 8.0665505527480127e-02 0.1117839554287576 0.15257100258051223   
225 2250 0.03429592341621799 26.046517656350467 0.07897019610503866 7.8970196105038665e-02 0.11229619415978806 0.13145196892237623   
226 2260 0.03181727764506391 25.26011706624134 0.07897019610503866 7.9076761109827212e-02 0.10228135895016155 0.12199825837878979   
227 2270 0.03403965450550347 24.958491645455627 0.07388914843655303 7.3889148436553032e-02 0.08179792555943512 0.13615003426014805   
228 2280 0.03194771762080332 25.87399917612228 0.0681252208916857 6.8125220891685698e-02 0.08430290756436606 0.10655804279027253   
229 2290 0.031995930685504985 24.81048459008655 0.06492383042607047 6.4923830426070472e-02 0.07252279664116158 0.09757758796999763   
230 2300 0.03139209755129173 24.999701628435563 0.06178551558042981 6.1785515580429808e-02 0.08175421668913671 0.11529696909561905   
231 2310 0.030002523151733622 25.24643980928187 0.05553194410864015 5.5531944108640152e-02 0.07002993503578717 0.08663345453689503   
232 2320 0.030741736507750417 25.186451000988484 0.05553194410864015 5.6092498970161345e-02 0.06769049681878224 0.09266881094470025   
233 2330 0.0333395171566732 24.49817667059893 0.049604378139353505 4.9604378139353505e-02 0.06503580627350852 0.08669412196558522   
234 2340 0.03688363217315837 27.09152294025368 0.04228050368841646 4.2280503688416460e-02 0.06055800805613663 0.11172500737123468   
235 2350 0.03283808579514754 29.17722805698598 0.04206210965940707 4.2062109659407071e-02 0.057746339868717994 0.08645882804306165   
236 2360 0.030057452411281962 30.158918123419102 0.04206210965940707 4.9387496844181512e-02 0.05931173455406908 0.06878619639877499   
237 2370 0.031243976020323534 29.74662196623951 0.04206210965940707 4.6965182799516621e-02 0.05741169847739221 0.08396050293427125   
238 2380 0.03300405683178112 28.321257799666913 0.037805732572940655 3.7805732572940655e-02 0.05345591516844742 0.06823812075619912   
239 2390 0.03361822212931876 29.13332401817148 0.0318832403694424 3.1883240369442400e-02 0.04886017115793696 0.0775054887413629   
240 2400 0.03455336652244308 29.460885582540904 0.0318832403694424 3.6562524243502467e-02 0.050945060402861016 0.07314255986961622   
241 2410 0.03096853446210487 29.955722751782552 0.0318832403694424 3.9850909836746787e-02 0.049644374358915076 0.06283388825224995   
242 2420 0.030467325031266243 30.28520777719084 0.028769885185598015 2.8769885185598015e-02 0.043158664574092676 0.052839680150840646   
243 2430 0.030292667272372335 29.263860628987516 0.026246624503194194 2.6246624503194194e-02 0.033281758363552766 0.04547630183222569   
244 2440 0.03164964957081821 30.379681114655604 0.026088492551956416 2.6088492551956416e-02 0.035211262247929774 0.04377642111376294   
245 2450 0.03006863473633178 31.906606542764578 0.023883905455817405 2.3883905455817405e-02 0.034028176087042575 0.053692171637012176   
246 2460 0.027563551157372853 34.171026094497634 0.019392225018799957 1.9392225018799957e-02 0.031805697692678284 0.0352828912153513   
247 2470 0.026643602243638376 34.274716192203734 0.017487105599175955 1.7487105599175955e-02 0.024912834695604805 0.03401926999041358   
248 2480 0.026984000586002053 36.07272166082508 0.017487105599175955 1.8612091108317488e-02 0.022799964941374727 0.029388068517844198   
249 2490 0.025188180082401066 36.81708329598878 0.017487105599175955 1.7846031181402912e-02 0.026537506399235935 0.03026210784042345   
250 2500 0.024130500795361273 36.15861191628068 0.014661230635147215 1.4661230635147215e-02 0.0197706429763964 0.026788724386725225   
251 2510 0.02497154096515541 35.980691251480664 0.013564079464872175 1.3564079464872175e-02 0.018315736136613168 0.0376831407762805   
252 2520 0.024361378680211328 37.21102542746052 0.011141188285758634 1.1141188285758634e-02 0.018736288031522934 0.02306985097877219   
253 2530 0.022688983190017227 38.372343198079975 0.011141188285758634 1.2080459748552834e-02 0.016422970665416262 0.02039978616528098   
254 2540 0.02137997028702249 37.764915618733674 0.011141188285758634 1.1528013392646154e-02 0.01684118335795272 0.018126129442128228   
255 2550 0.02469639926408917 39.6008616290644 0.009399657823728345 9.3996578237283447e-03 0.016176905836673923 0.020855942908948683   
256 2560 0.025298153127734615 45.29084455635262 0.008410783672468437 8.4107836724684366e-03 0.012072838119473503 0.022440831444428547   
257 2570 0.023938420380276857 44.95516645722605 0.0067237934482974986 6.7237934482974986e-03 0.013024552798864266 0.019318555160138917   
258 2580 0.021985760008071713 47.67823175424623 0.0067237934482974986 9.0919768402047182e-03 0.011830357797982291 0.01933815358210321   
259 2590 0.020873701488127817 47.90187811224173 0.0067237934482974986 8.1957552358017677e-03 0.0107939059967096 0.013911019803700889   
260 2600 0.020538591207524895 45.72291062028638 0.005218942670090385 5.2189426700903849e-03 0.008235352407918737 0.010008448764214153   
261 2610 0.02224581639890464 48.03367469593649 0.004278018856629976 4.2780188566299759e-03 0.007970695094037524 0.010207997328346981   
262 2620 0.021305647644037074 48.381537602549884 0.004232877968329758 4.2328779683297579e-03 0.008149268325032318 0.010112267785831654   
263 2630 0.02130417113130276 48.339953056877484 0.004232877968329758 5.4194894132004196e-03 0.008330215568680379 0.01514339481165589   
264 2640 0.021746219381723737 45.14558311711739 0.004232877968329758 4.6379357117475525e-03 0.007857527271652195 0.012031186764960733   
265 2650 0.021812636051920953 47.34164682463149 0.004046793782589563 4.0467937825895634e-03 0.006100161772893101 0.008619499387235115   
266 2660 0.019990733653266198 45.880786700250546 0.0038527919165170605 3.8527919165170605e-03 0.005956436551607256 0.007869857498113805   
267 2670 0.0175148463843178 47.0599808376437 0.003726517814287363 3.7265178142873632e-03 0.005716834520874525 0.009672978643056527   
268 2680 0.01606347526917005 47.58581203404804 0.0025776864255060484 2.5776864255060484e-03 0.004647332951826782 0.007954807149227172   
269 2690 0.01649385815533155 49.95585762893895 0.0025776864255060484 2.5980992364814585e-03 0.004596551567699553 0.007224352472165022   
270 2700 0.016275613452680512 44.986435776633286 0.0022914236559022126 2.2914236559022126e-03 0.0034813951795242366 0.006403061020293232   
271 2710 0.015792904256362886 44.36646195761794 0.0022914236559022126 2.8154031179236645e-03 0.004027048360985174 0.005582857266940477   
272 2720 0.016017171454501232 44.888192108782356 0.0020508828502723946 2.0508828502723946e-03 0.0030633409465665286 0.004629696088646825   
273 2730 0.01678220863115168 44.44349443884872 0.001475134807509613 1.4751348075096129e-03 0.0035712627597237834 0.0059069150288761346   
274 2740 0.018508977754451757 45.788389523339504 0.001475134807509613 1.4828160230090895e-03 0.0028023223478236877 0.004270038963081373   
275 2750 0.01810405914125257 44.664271122830584 0.001475134807509613 1.5275017500456949e-03 0.002893966145998143 0.006766925761215075   
276 2760 0.01694589829227551 44.15900555873457 0.0008947781374900568 8.9477813749005682e-04 0.002102681537679688 0.004664502531511508   
277 2770 0.016268374682065437 43.85977768497826 0.0005007636581800058 5.0076365818000582e-04 0.001417122190154242 0.0031874277266615942   
278 2780 0.015978035663422197 44.378900477988374 0.0005007636581800058 5.9749498646071743e-04 0.0011199495924753245 0.001867330432368309   
279 2790 0.017101353024720295 45.18816511963744 0.0005007636581800058 6.6227632603349225e-04 0.0010821443434463798 0.0019179366049112785   
280 2800 0.01658840070956663 47.35795368492158 0.0005007636581800058 5.5241276576749559e-04 0.0015069407129959008 0.0036452958261776816   
281 2810 0.013985705155142353 47.25542947436498 0.0003806436350385041 3.8064363503850410e-04 0.0009212930992918286 0.002615919585807449   
282 2820 0.012872613150748296 44.94550404299205 0.0003806436350385041 3.9226464355265536e-04 0.0008170347201474316 0.0012622046106067584   
283 2830 0.011819619106105152 48.574650261422434 0.0003544185080438244 3.5441850804382441e-04 0.0008533554779874322 0.0014591623715484296   
284 2840 0.010409871934076375 48.361100605881255 0.00025545731617778876 2.5545731617778876e-04 0.000939108326928397 0.0036472012619013917   
285 2850 0.009251970165945402 47.979693922162426 0.00025545731617778876 2.7108852980363489e-04 0.0006213813289525564 0.0011618859289086185   
286 2860 0.008172402363976128 49.52318521586681 0.00011332153088882179 1.1332153088882179e-04 0.0005674747981221617 0.0009166332623682073   
287 2870 0.0073883187378905105 50.52544012842455 8.667871616065511e-05 8.6678716160655111e-05 0.00035868866814592386 0.0005415005228198288   
288 2880 0.006945304054055202 49.964857750968974 4.613260564929046e-05 4.6132605649290463e-05 0.00020399855226713523 0.0006023652718956572   
289 2890 0.0060418357720562355 50.664738847874546 4.613260564929046e-05 8.2742708593791704e-05 0.00015854370350441198 0.0002910910085935031   
290 2900 0.005881449997320834 49.73901148033408 4.613260564929046e-05 9.1144662162930505e-05 0.00022061177967884778 0.00032199608356048396   
291 2910 0.006162500812699129 51.0057542033031 3.331134648657273e-05 3.3311346486572730e-05 0.00012811990770899477 0.00022103403912519584   
292 2920 0.006222912394865461 52.31446331890458 3.331134648657273e-05 5.6860052246512612e-05 0.0001099514563252461 0.0003896884037404532   
293 2930 0.005608294373538871 49.88345803518669 3.331134648657273e-05 3.5731974008127984e-05 0.00010209802030465497 0.0002114535244546757   
294 2940 0.005194106233006706 47.901339920823816 3.331134648657273e-05 6.5869169395010161e-05 0.00012022662432794489 0.00021144174375732633   
295 2950 0.004662194605567687 49.59625781122187 3.331134648657273e-05 4.0568801230325829e-05 0.00011694103944488532 0.00030279988856071575   
296 2960 0.004134800661286262 50.26125933589542 3.096082759523512e-05 3.0960827595235121e-05 0.00012076732065673599 0.0001584682883531846   
297 2970 0.00376025891074192 52.18846141042566 1.1875975664317222e-05 1.1875975664317222e-05 5.580758166708188e-05 0.00010817520673672405   
298 2980 0.0035141088257982923 51.25392115295158 1.1875975664317222e-05 1.4370731855790925e-05 4.242754912411562e-05 9.898477942963418e-05   
299 2990 0.003537085305068274 52.30488844608144 1.1875975664317222e-05 1.9663435222471080e-05 5.2508502127322895e-05 0.000125348530937486   
300 3000 0.0031644950998061094 52.66293238762834 1.1875975664317222e-05 1.5565662486591407e-05 4.551400175273085e-05 9.124640959594763e-05   
301 3010 0.0027919536326816473 52.95896036223878 1.1875975664317222e-05 1.9071949652547030e-05 3.719890927568054e-05 6.995750802854025e-05   
302 3020 0.0023182561389277316 54.43021588185871 1.1875975664317222e-05 1.6371585843608647e-05 3.140280280334459e-05 5.080245427589231e-05   
303 3030 0.0021155507271200303 52.23586298334606 6.024899574253872e-06 6.0248995742538719e-06 2.220421586593699e-05 3.166677898980371e-05   
304 3040 0.00210946162532375 49.61311534224863 6.024899574253872e-06 7.7910605860781606e-06 1.6190496137144354e-05 2.8446622775834176e-05   
305 3050 0.002165173800452096 47.24888429641324 6.024899574253872e-06 8.4648109081309767e-06 1.5597324306495643e-05 2.942380768810803e-05   
306 3060 0.0020124836332216438 51.50288945355498 2.9386403452933015e-06 2.9386403452933015e-06 7.76200778551017e-06 1.7708817099164263e-05   
307 3070 0.0018224621799824323 50.62652297479871 2.9386403452933015e-06 4.9704943962814958e-06 7.1649054681150564e-06 1.7384188115364487e-05   
308 3080 0.0016325744754189964 50.84612782951411 2.9386403452933015e-06 3.3558857646940028e-06 9.370043817033659e-06 1.446567147058747e-05   
309 3090 0.001726269203866154 52.47370800372758 2.9386403452933015e-06 3.0418497056419672e-06 7.14327023028634e-06 9.880496170508868e-06   
310 3100 0.0017541127823806006 56.47427971516299 2.8337314229801246e-06 2.8337314229801246e-06 7.163927657109726e-06 1.1227620937797475e-05   
311 3110 0.0015690115474196686 57.61851915837231 2.6471316265529166e-06 2.6471316265529166e-06 4.841121987545089e-06 8.274816682405207e-06   
312 3120 0.0014599896796914007 58.30922714274275 1.8543764437285984e-06 1.8543764437285984e-06 5.847365823706234e-06 9.68100837996053e-06   
313 3130 0.0013097425298370972 58.12606280213045 1.8543764437285984e-06 2.1009669632341610e-06 6.027246824732697e-06 9.716946155988559e-06   
314 3140 0.0011752440305209107 59.22934085786655 1.8543764437285984e-06 1.9793646788209482e-06 3.319273480210182e-06 7.0252813152376634e-06   
315 3150 0.001050548163282384 60.44219004082189 1.6032451711503244e-06 1.6032451711503244e-06 3.5760014822693537e-06 6.245382570204727e-06   
316 3160 0.000927882597084018 61.940091661164466 1.0358383862024678e-06 1.0358383862024678e-06 2.470716115142641e-06 4.431332501732537e-06   
317 3170 0.0008956898387914844 63.07441040666218 4.468480101913042e-07 4.4684801019130418e-07 1.7220386810336478e-06 2.4897953823694756e-06   
318 3180 0.000874589099452175 62.273524078377584 4.468480101913042e-07 4.9098053391985771e-07 1.2095083548320545e-06 2.088548357327912e-06   
319 3190 0.0008013158916432193 63.32691112228072 4.468480101913042e-07 4.7458945892796373e-07 1.2562588014840032e-06 2.6193456162639058e-06   
320 3200 0.0007704082086042922 57.913567352718296 4.468480101913042e-07 5.3266399771026439e-07 1.2374219400050557e-06 2.1972222262175298e-06   
321 3210 0.0007716290117638545 58.44320131008058 9.291322971395637e-08 9.2913229713956372e-08 8.217948433583526e-07 2.362441380396136e-06   
322 3220 0.0008024493133932041 55.51402177054743 9.291322971395637e-08 3.9335668564037376e-07 6.848650836624247e-07 1.8141920724070971e-06   
323 3230 0.00067852514787116 54.23540436034916 9.291322971395637e-08 4.2045997729633444e-07 7.503189285321876e-07 2.0781433090791247e-06   
324 3240 0.000662291101463811 53.54123496638022 9.291322971395637e-08 2.8309701979375084e-07 7.666889104290869e-07 1.6410630243098137e-06   
325 3250 0.0006574248008954417 53.97372688930715 9.291322971395637e-08 2.6151193681415806e-07 6.786898798003731e-07 1.4980110715499212e-06   
326 3260 0.0005874271978942668 55.76311459806578 9.291322971395637e-08 1.1124249782145464e-07 6.096704548046269e-07 1.4060339706876514e-06   
327 3270 0.0005523946683256412 57.48886460338959 9.291322971395637e-08 1.2066773605779642e-07 6.336027915370169e-07 1.529044130377956e-06   
328 3280 0.000491927520220634 57.92347214240793 9.291322971395637e-08 1.6461341218277029e-07 4.2220197527907176e-07 1.203936131369394e-06   
329 3290 0.000466844437860374 58.49621562452246 9.291322971395637e-08 1.3761885982298762e-07 3.5457756434532114e-07 7.150531352909023e-07   
330 3300 0.0004645124191072094 63.982751747937655 9.291322971395637e-08 1.3328200928865667e-07 3.490961169340944e-07 5.398892531249569e-07   
331 3310 0.0004409192817395741 63.52531346961077 8.430670572695044e-08 8.4306705726950440e-08 2.403095348103893e-07 2.9443217312962375e-07   
332 3320 0.0004165767097272658 65.76084317961435 7.602139768806133e-08 7.6021397688061328e-08 2.302904947396815e-07 5.187218785730846e-07   
333 3330 0.00035335705855671086 67.3915196056981 3.838945309650556e-08 3.8389453096505563e-08 1.8999327741890332e-07 3.833111651384228e-07   
334 3340 0.0003122526983608017 63.348791819073675 3.838945309650556e-08 6.3688256123910077e-08 1.2016667301758874e-07 1.965729125515544e-07   
335 3350 0.0002779458273392524 65.57878934513815 1.731786762389201e-08 1.7317867623892011e-08 1.0176640576983235e-07 1.578316610312396e-07   
336 3360 0.0002824524217749384 64.22825047673606 1.731786762389201e-08 2.4691000476593979e-08 8.818306333681109e-08 1.2045868685053027e-07   
337 3370 0.0002509277589958868 66.53899278499804 1.731786762389201e-08 3.0867132478500450e-08 7.349309834862934e-08 1.2954999521562206e-07   
338 3380 0.0002422521511206749 66.41250103088728 1.731786762389201e-08 3.0744546960171749e-08 4.8647620178401376e-08 8.682199958831482e-08   
339 3390 0.00023525946085103323 68.60150674969675 1.731786762389201e-08 2.6966586592333078e-08 7.169337424477266e-08 1.8585268803015723e-07   
340 3400 0.00024488860979864703 71.00221293794142 1.731786762389201e-08 1.9061111273373389e-08 6.627600606351957e-08 1.5203751822813768e-07   
341 3410 0.00023191913326324573 69.36331590113431 1.6980201958744654e-08 1.6980201958744654e-08 4.20215124943545e-08 7.545615005738119e-08   
342 3420 0.00020402031743839769 71.17713648109306 1.6980201958744654e-08 1.7361278671361737e-08 4.245687031349094e-08 1.0861091276106486e-07   
343 3430 0.00016990378928641116 73.79558017938696 8.635671265853233e-09 8.6356712658532330e-09 3.755475634180317e-08 1.2795513561983197e-07   
344 3440 0.0001465155704814168 71.71403624244026 8.635671265853233e-09 1.4571586545021204e-08 2.3139489663350964e-08 3.701546628155768e-08   
345 3450 0.00013228959062422567 75.0916282406096 5.946369177473833e-09 5.9463691774738331e-09 1.6279439430177786e-08 3.413710597508168e-08   
346 3460 0.00011219401308281904 79.5509585292574 5.946369177473833e-09 6.7000725807417617e-09 1.03197978001462e-08 2.9390585810819938e-08   
347 3470 0.0001022480818356173 82.21768749480954 5.594181058792755e-09 5.5941810587927547e-09 9.744728920277746e-09 2.3047228119395032e-08   
348 3480 9.696340213735666e-05 81.65799057299088 2.471834750504556e-09 2.4718347505045562e-09 8.280224933109017e-09 1.5898142851066783e-08   
349 3490 9.133384477743522e-05 82.6798409778048 2.471834750504556e-09 3.7748713895119018e-09 9.353731002486152e-09 1.8425647067242163e-08   
350 3500 7.93725865755758e-05 84.42464993574522 2.471834750504556e-09 2.5534268695434495e-09 6.70339715496607e-09 9.770167477527233e-09   
351 3510 6.896986507745315e-05 86.12272271800232 1.5957921282423505e-09 1.5957921282423505e-09 4.838295195288134e-09 1.2738484168102688e-08   
352 3520 6.619146966751292e-05 87.2208677022024 1.5957921282423505e-09 3.0992691889540633e-09 4.93553414399316e-09 9.73010569867581e-09   
353 3530 6.205838116833067e-05 80.80714752097066 1.5957921282423505e-09 2.5412051215076996e-09 4.664087282433297e-09 7.901030649215776e-09   
354 3540 6.410404849886346e-05 78.4154493806917 8.697789188382332e-10 8.6977891883823322e-10 3.6072287070977665e-09 5.450672960176244e-09   
355 3550 6.217175000846325e-05 76.07897798831932 7.105148368480337e-10 7.1051483684803367e-10 3.0119173609251907e-09 3.6494176836267556e-09   
356 3560 5.8994682261611015e-05 78.69937126318763 4.887788057321994e-10 4.8877880573219938e-10 1.4588244565651968e-09 2.6441373857051133e-09   
357 3570 5.6005735978181824e-05 84.27153027937592 4.887788057321994e-10 5.9112661559127369e-10 1.2836144049531522e-09 3.019428371491043e-09   
358 3580 4.875176687755487e-05 85.68521126481394 4.887788057321994e-10 5.7170275651686320e-10 1.8612600449103853e-09 2.477781249148634e-09   
359 3590 4.374038928676376e-05 87.7273878327385 4.887788057321994e-10 5.3485208111097535e-10 1.1960623618903336e-09 3.0462087207405955e-09   
360 3600 3.9872357030992526e-05 89.91225840836543 2.7344167744995104e-10 2.7344167744995104e-10 6.391862273002098e-10 2.144218930462555e-09   
361 3610 3.6322802852033047e-05 88.94858919254679 2.7344167744995104e-10 3.2094167167779879e-10 5.704195103177057e-10 1.8553036209920716e-09   
362 3620 3.313414473014936e-05 84.46649353863768 1.318942216381489e-10 1.3189422163814890e-10 6.424849072413864e-10 1.1862643094420822e-09   
363 3630 3.011739073608459e-05 82.9304339982876 8.636279783412578e-11 8.6362797834125781e-11 2.8323584929924915e-10 8.671855620074482e-10   
364 3640 2.9427904482769533e-05 78.62160288168904 8.035545852738098e-11 8.0355458527380977e-11 4.0647763541228247e-10 7.353829106557633e-10   
365 3650 2.69657177643522e-05 72.6215116062744 8.035545852738098e-11 2.0677155003626570e-10 3.53127918668589e-10 7.072539071570697e-10   
366 3660 2.5031533616712816e-05 77.00410853649366 8.035545852738098e-11 2.0549408493220426e-10 3.4287691022990497e-10 6.793896436098988e-10   
367 3670 2.2405649569239106e-05 72.07780858215902 8.035545852738098e-11 1.0498445716313892e-10 4.114774158771129e-10 7.198016877355933e-10   
368 3680 1.9700073007491008e-05 72.61690736930159 5.288592778952037e-11 5.2885927789520371e-11 1.979866472343138e-10 5.254222784382126e-10   
369 3690 1.812989788239586e-05 74.69625617724127 5.288592778952037e-11 6.0727340319666296e-11 1.8492216423060994e-10 2.098403140445655e-10   
370 3700 1.711855427568437e-05 74.50865244601238 3.935713416086869e-11 3.9357134160868690e-11 1.0485504696185342e-10 2.2446408876711236e-10   
371 3710 1.6495863009261707e-05 77.03937906197935 3.1318910108495684e-11 3.1318910108495684e-11 1.2171576475780756e-10 2.5138527113579557e-10   
372 3720 1.554187369417386e-05 78.2492940182251 2.6241303175456964e-11 2.6241303175456964e-11 1.0770220026571808e-10 3.15483308895447e-10   
373 3730 1.4406837216203439e-05 79.33360220051331 2.6241303175456964e-11 3.7672503246232263e-11 7.896496107087365e-11 1.8344069129057473e-10   
374 3740 1.3272030712560515e-05 76.60772390111583 2.6241303175456964e-11 3.0434971678760072e-11 6.552678563538433e-11 1.2283848872790047e-10   
375 3750 1.2321608622929374e-05 84.26617918217634 1.5962294519969864e-11 1.5962294519969864e-11 6.667438526093328e-11 9.930847151373401e-11   
376 3760 1.1989573284496203e-05 83.66174304852366 1.5962294519969864e-11 2.8585241127897601e-11 5.4713662132751475e-11 1.137160307333361e-10   
377 3770 1.027439672869531e-05 82.78037984292808 1.5119388474727708e-11 1.5119388474727708e-11 3.730224193092107e-11 1.2182204560053166e-10   
378 3780 8.947831419937879e-06 77.714150490118 8.39824336020001e-12 8.3982433602000097e-12 3.463035044563688e-11 6.150310971889101e-11   
379 3790 8.64801052521282e-06 76.36759258438157 6.4596761088081705e-12 6.4596761088081705e-12 2.2505270522892264e-11 4.516362407405579e-11   
380 3800 8.126395293499097e-06 77.98350893350525 6.4596761088081705e-12 8.6719323700894430e-12 2.2052789670334384e-11 4.0935504674779524e-11   
381 3810 7.258902943958332e-06 72.0876278888046 6.4596761088081705e-12 7.5098508259297838e-12 2.2868310689987908e-11 3.793858779452225e-11   
382 3820 7.15753042567908e-06 74.02805893909581 6.247414231679552e-12 6.2474142316795517e-12 1.0749708680392312e-11 2.5942522652733102e-11   
383 3830 6.983863784127753e-06 74.46926340171255 5.0236387526111364e-12 5.0236387526111364e-12 1.386205144609377e-11 4.270364121899108e-11   
384 3840 6.06405238232434e-06 74.56757552948426 3.1764696439993264e-12 3.1764696439993264e-12 1.2297247570021207e-11 1.8698782993984038e-11   
385 3850 5.545081108119469e-06 75.38549004547842 3.1764696439993264e-12 4.1842843444972611e-12 7.821215596749397e-12 1.152116870498102e-11   
386 3860 5.275405428637717e-06 74.09476750913882 3.1764696439993264e-12 4.3824786305831167e-12 1.0728516676644166e-11 1.5834970927763702e-11   
387 3870 5.368588046582451e-06 76.24239139508644 3.1764696439993264e-12 4.1863575428543709e-12 9.30716460444463e-12 1.387652508670725e-11   
388 3880 5.226509294024154e-06 73.6329928237133 3.1764696439993264e-12 4.9464567621359493e-12 1.1456358907090734e-11 1.4166973879940927e-11   
389 3890 4.8820744170390305e-06 68.93314060024484 3.1764696439993264e-12 3.5006166574489454e-12 8.654331059401426e-12 1.220179540920235e-11   
390 3900 4.5289069532374065e-06 65.84677099197086 3.07286295445558e-12 3.0728629544555801e-12 6.4583944399578335e-12 1.6124582867391355e-11   
391 3910 4.172579247917938e-06 66.02785327054517 3.07286295445558e-12 3.7280325716870799e-12 7.049477504570307e-12 1.3791349744385636e-11   
392 3920 3.654909521507176e-06 65.81087262479078 2.9673594665321566e-12 2.9673594665321566e-12 6.818446209690815e-12 1.0767934573750259e-11   
393 3930 3.765095076971798e-06 66.05355314331268 2.100218569058036e-12 2.1002185690580358e-12 4.614261501608839e-12 1.0325221104141314e-11   
394 3940 3.86812185940229e-06 62.80323359240594 1.822090052968211e-12 1.8220900529682112e-12 4.0898855824443605e-12 7.301418999959938e-12   
395 3950 3.881497671464598e-06 67.26254852616614 1.1700593536281571e-12 1.1700593536281571e-12 2.84457782970947e-12 1.0459681996523175e-11   
396 3960 3.8119552729594038e-06 67.4935100613997 9.48588722206062e-13 9.4858872220606194e-13 2.9066581449378406e-12 3.871595673780056e-12   
397 3970 3.815710937524087e-06 66.25356650009039 9.48588722206062e-13 1.1542468927499054e-12 2.9198357608194677e-12 5.271620585749296e-12   
398 3980 3.5768923691718636e-06 65.70998023104721 9.48588722206062e-13 1.4517051831706135e-12 3.1363583492303856e-12 5.716222352479362e-12   
399 3990 3.34504475588756e-06 64.3647655939266 9.48588722206062e-13 1.2966422861575908e-12 3.4749469209513157e-12 7.412398625050797e-12   
400 4000 3.2603451009106515e-06 63.461575934063575 9.48588722206062e-13 1.9097080413626427e-12 3.6030974325948686e-12 4.944027746273514e-12   
401 4010 2.8439579324311737e-06 65.61222260889035 7.755180061090016e-13 7.7551800610900162e-13 2.640406605783761e-12 4.445913633390375e-12   
402 4020 2.667320997788467e-06 61.78159801957454 7.755180061090016e-13 1.1830104326006127e-12 2.034227104354047e-12 3.621048878358202e-12   
403 4030 2.337334213579196e-06 65.03771059591332 3.607456314562251e-13 3.6074563145622511e-13 1.2069998474582272e-12 3.1188043078246892e-12   
404 4040 2.2069662827447347e-06 67.57708563374754 2.810883755471687e-13 2.8108837554716870e-13 9.351732387970028e-13 2.0174607333640596e-12   
405 4050 2.311460449146567e-06 66.47677384804469 2.2191625151322107e-13 2.2191625151322107e-13 6.53484281701845e-13 1.0590171164270361e-12   
406 4060 2.2174781128790103e-06 65.61271791734485 1.7082636680781283e-13 1.7082636680781283e-13 9.165022381265405e-13 2.7124605842318513e-12   
407 4070 2.0481187023931785e-06 66.8004567676525 1.7082636680781283e-13 4.5471076858858652e-13 6.848515055186156e-13 1.066102558813196e-12   
408 4080 1.8734553047409372e-06 63.9790814008467 1.7082636680781283e-13 2.7885231225686963e-13 8.223539441727797e-13 1.762983804710132e-12   
409 4090 1.7205800991267538e-06 63.18291970356762 1.7082636680781283e-13 3.5314278971832785e-13 6.232465355455252e-13 9.509094545774175e-13   
410 4100 1.5614637885051456e-06 69.21937994615273 1.7082636680781283e-13 2.9730766299768292e-13 4.297710482767775e-13 9.844178824078082e-13   
411 4110 1.35960557378108e-06 68.68007999544332 1.7082636680781283e-13 2.6561485023291535e-13 5.231860896038745e-13 8.153519562352352e-13   
