% # columns="iteration, evaluation, sigma, void, void,  stds==sigma*sqrt(diag(C))", seed=1036562, Wed Dec  8 15:42:40 2021, <python>{}</python>
1 10 0.43978683975715704 0 0 0.4410299074376557 0.4342504153173283 0.43506664572412856 0.4211993416683008 0.41995521706399414 0.43740306653091965 0.4342895667160461 0.4348461543951483
2 20 0.4173182356373441 0 0 0.40727060712703467 0.42274023042893516 0.40260958731399993 0.4024033224603342 0.39382431612613794 0.41047132782735524 0.4064339670999083 0.40955289582923127
3 30 0.37474486064458956 0 0 0.35695335376194276 0.37284333653176843 0.3399048314734143 0.3592801303788989 0.34385430446811516 0.37153855076936776 0.35784642760714497 0.3676058579774237
4 40 0.3455923702499935 0 0 0.33413768817668504 0.340454111548277 0.31409265590545277 0.3217669308956171 0.3144199592631481 0.3439638714370083 0.31326211053160025 0.32720020563192637
5 50 0.32365387449166005 0 0 0.30598642921366187 0.3158662961149764 0.2862941025519887 0.3073788606550961 0.2933763724886286 0.3140097337697602 0.2898968145862799 0.3092159281286383
6 60 0.30178294047266124 0 0 0.26874775277783786 0.28593327327864065 0.2704050752637305 0.28249270310848845 0.26971081521896734 0.28883904102151176 0.2817682234618195 0.2811431203933562
7 70 0.31741120915375914 0 0 0.30983073752555207 0.28796285876961797 0.28071488171620873 0.29603281251307867 0.2805404079927812 0.3210137596065507 0.2971282523470731 0.292043830059555
8 80 0.32354730543363913 0 0 0.3245194883307768 0.2948775745459645 0.2821459307238801 0.30189946296076414 0.29928396808160657 0.3192828467957585 0.2838555451437779 0.2948166720574633
9 90 0.2992522968875109 0 0 0.2965427586979107 0.26731321177602996 0.25950422554690356 0.2751034367832551 0.27925051161776476 0.2921006016701502 0.2615677106903116 0.26007766057147014
10 100 0.3060854873787409 0 0 0.3163081907959987 0.27440523037019937 0.26282415461825587 0.27726703095434085 0.2816705393302072 0.2938844085921803 0.2531119062896089 0.2675648201689046
11 110 0.28544992623152776 0 0 0.2924636879560726 0.24148987958160828 0.2436473841086515 0.2577597511180308 0.2640253461422416 0.266922551017474 0.2305213260103169 0.2510340900750859
12 120 0.2820821333476794 0 0 0.2934981296792184 0.2438865672858263 0.2375394702350472 0.2504992728395029 0.24962268840006227 0.2641739090947077 0.22423460340084897 0.24690688656649667
13 130 0.2562653606844123 0 0 0.25485826299247133 0.22061140849560715 0.21375688524630074 0.22236608366704938 0.22921028748521313 0.2365467122148908 0.20055539116676094 0.21841298453765773
14 140 0.22759326663281468 0 0 0.22213259137073926 0.19710281071903984 0.19133806634491896 0.19081551746289313 0.19023203745698553 0.21095845274216166 0.17645716899147662 0.19161104751643876
15 150 0.19834450425241984 0 0 0.19574565864346188 0.16912271454966898 0.16478451259581425 0.16221957041162485 0.16457825143597174 0.17233958952656825 0.15321563060711366 0.16602669635182596
16 160 0.19615384491112353 0 0 0.19806468789299203 0.16626439812010277 0.15887594819844222 0.1610417027387732 0.16066439993040552 0.17098850041479546 0.14959972720093145 0.16049313595138895
17 170 0.17234171510141194 0 0 0.17438674496554143 0.14301445498556792 0.14168486960384213 0.136637835433761 0.1389608680566232 0.14671004192674977 0.12545472462743576 0.13495160879446835
18 180 0.16150098907848937 0 0 0.16279385075181668 0.13659619606530624 0.13066149130426127 0.12552985048686094 0.13000926563684423 0.1384272311960057 0.11379133351404172 0.12116475669741969
19 190 0.15666479722260718 0 0 0.1597554096574999 0.1300471146938838 0.12907779675222775 0.12100823417061697 0.12346907627276844 0.12768968439051567 0.11061871106150711 0.11228105101619133
20 200 0.14053709304301765 0 0 0.14546590413576155 0.11452086074712059 0.11259957976215498 0.10198179726499396 0.10583310789605384 0.11560525627236609 0.09677193259883785 0.0985321700255632
21 210 0.128297504569512 0 0 0.13303611612198446 0.1039899994991207 0.10176520178721583 0.09213900426676926 0.09358259405848784 0.10056035025109471 0.085438020010292 0.08774653732251128
22 220 0.12643473908151012 0 0 0.13280093487680464 0.10171354811438056 0.09776709896118223 0.09117579632680055 0.08777233528941392 0.09339991359640495 0.08517706216550741 0.08716289330225238
23 230 0.1270914293805584 0 0 0.13519706106657395 0.10113125899718103 0.10040171810099749 0.08839373200986968 0.08891494437759744 0.09122910498157116 0.08517680878682703 0.08631431768637474
24 240 0.11719566715278422 0 0 0.12317516002194201 0.09072881564691253 0.08986976827847239 0.0804275960291289 0.07782931261689607 0.08213208482384374 0.07941339445755215 0.08273468423986083
25 250 0.10594808876257351 0 0 0.11172196846531258 0.08284834694210577 0.07898551141816572 0.07222533143512866 0.06528607038486314 0.07345835543456386 0.07247185503676776 0.07321689403705095
26 260 0.10629917813831193 0 0 0.11291826253433832 0.08126221603280001 0.0790085778412978 0.07415786647427083 0.06612218463374853 0.07446461251416134 0.06806583529601687 0.07285184214816436
27 270 0.09667692813232939 0 0 0.10316305168390248 0.07428579450837464 0.06744275658798066 0.06569669934104819 0.06059432502290251 0.06837536204577097 0.06259493667306557 0.06645162941102759
28 280 0.09737067840942687 0 0 0.10611097316698616 0.07455080974297557 0.0674359745897361 0.06221500858250354 0.06464144975146219 0.06705626367732834 0.06232491803509934 0.06478412215963546
29 290 0.09179297241042164 0 0 0.10318485854911998 0.06717315690082289 0.06177002091667277 0.05772673308221972 0.0618502346538958 0.061347498955809765 0.057513051714748166 0.059438334439380805
30 300 0.08132054979904134 0 0 0.09055160933311901 0.05958128260389615 0.052797558453866154 0.05038612480582317 0.05216701530368558 0.0540346892971224 0.0506110636752998 0.05180742727167303
31 310 0.07854992727149487 0 0 0.08287282372001772 0.056421939684161634 0.04948967731308426 0.04873545063864648 0.050039952882053026 0.05323540806795068 0.049330369928538086 0.04852786144074716
32 320 0.07689672457411782 0 0 0.08093321352726082 0.055961835211390386 0.048847534465267156 0.04709740889175543 0.04763109285733921 0.05117032858463499 0.04783494463101608 0.04782338614865415
33 330 0.07731509970450379 0 0 0.08080135233093622 0.05613745009940981 0.04807580964093436 0.04693587998882081 0.04854905889590671 0.051223800897945225 0.04653673130016106 0.04845210866654142
34 340 0.07836222179456306 0 0 0.08332893621461036 0.058883287148671574 0.048656996653721196 0.04695753979039322 0.050191986164937884 0.05031002475868197 0.045101132735211456 0.04818403931171359
35 350 0.07938041488876704 0 0 0.08573196984351886 0.06086634888254205 0.049323805267223735 0.04701486266160818 0.05116655793717114 0.04798151886589226 0.04525451121888946 0.04801066759480523
36 360 0.07686001690809931 0 0 0.08194065084358666 0.0605651674437219 0.047999074351765106 0.04399910693835295 0.04967237121074451 0.044582178545246466 0.04314452091332605 0.04627368491542491
37 370 0.07680663976815792 0 0 0.08308466766316225 0.06230813216431407 0.05136784102874262 0.04373126545607214 0.04766526979459488 0.042222476041934055 0.0414157225815757 0.04623487432346044
38 380 0.06908942318511532 0 0 0.0733710671077762 0.05581743265542133 0.04722589756830085 0.03923352879877652 0.043581434041572636 0.03766368201560377 0.03769363408583818 0.04080704722236001
39 390 0.06116139042242739 0 0 0.06344269454743523 0.049663490073692244 0.04048438812608428 0.034576047742390675 0.036715321121682375 0.03292311264890956 0.033087124786594105 0.03658692203760105
40 400 0.057915664220898576 0 0 0.058509171127724746 0.04696984120123903 0.03809198219729206 0.03294581558476716 0.034809043268327254 0.030339405559723445 0.03082190015887185 0.033922902953685226
41 410 0.05243030909778428 0 0 0.05064826950364947 0.04212449303092873 0.03439969122240925 0.02886722377687439 0.030881804259705773 0.027372009899848674 0.026845436265669695 0.03023384156732788
42 420 0.04522908401726276 0 0 0.04281170886863102 0.03624256244703018 0.02868158205901404 0.024380921671134717 0.026208778118970325 0.023836511206480088 0.02301321123053744 0.024437920249128237
43 430 0.04003302113801016 0 0 0.03680190594818394 0.03254641293577829 0.02493125982154301 0.02093566084984477 0.02341274787265403 0.020927336806647722 0.018385440529427716 0.022321805665312396
44 440 0.039216432691245924 0 0 0.03540327334704148 0.03356177154764266 0.025286737197502494 0.019745723953649166 0.023515333099184917 0.020430825354878442 0.017619163325617023 0.021942579148580794
45 450 0.0332637111835058 0 0 0.02996504384943495 0.028405301832102554 0.0215528022147132 0.016590081073376103 0.01937827354141493 0.017304901102957706 0.014838223840725587 0.01834447928901159
46 460 0.033298195515875165 0 0 0.029533821519283007 0.028937372240086894 0.023217953258149144 0.016055569738260805 0.018851120224070116 0.016692471783425453 0.01429298311213937 0.01840457378777322
47 470 0.03274319483447722 0 0 0.02877081484433788 0.02914232133103435 0.022841471714921895 0.015432572853321034 0.0185307062848089 0.015844693778513216 0.013961384245937401 0.0178545639234909
48 480 0.031102854731544557 0 0 0.026152524673268406 0.0270765906432214 0.021213512821745766 0.014880270904742922 0.016819735980616195 0.01507103207533887 0.013222121184467073 0.01693452454971526
49 490 0.028596195130626913 0 0 0.02359636487523381 0.024158599528783 0.019927602440481675 0.013247931705551566 0.01493669901632279 0.013370795471075348 0.011958560548296342 0.015435902906132136
50 500 0.026936529242267596 0 0 0.021763138569759893 0.02314209134202333 0.0190492200527036 0.01253756500945419 0.013770068353959747 0.012488471596688838 0.010959634864444167 0.014054111572643807
51 510 0.027714839103815697 0 0 0.02308445712515408 0.02509659118636999 0.02135690865691253 0.012422245946224337 0.014110856526077268 0.012569130470365399 0.011163035241634041 0.01431535035465237
52 520 0.030457616807563013 0 0 0.027039974182262182 0.029737932104499567 0.02564313482230317 0.013722424758060701 0.014846571446220284 0.013651612745469116 0.011706693017349355 0.015484961461281291
53 530 0.03234406815119075 0 0 0.029533975563947455 0.03304760803511183 0.028911135881450077 0.014153831209395649 0.015802830791386138 0.014076604494057801 0.011934283257004422 0.01594580360923666
54 540 0.03190116134354757 0 0 0.027669755231329925 0.032590800552139906 0.02848076987649877 0.014100054918238054 0.015590570176625676 0.013808355915473495 0.011581382178847289 0.015294013875877102
55 550 0.030417644555962357 0 0 0.025552842035251974 0.03080855646966737 0.02705063929695759 0.01346743127452834 0.014664357754486915 0.013028935147792017 0.010892244424508373 0.014272287798399248
56 560 0.028850487258742452 0 0 0.024446971129268392 0.029776362644325236 0.026578545543192573 0.012515557518025982 0.014058616770803518 0.012270502317119965 0.009891749214493739 0.01355966803628885
57 570 0.028897003287930115 0 0 0.024909162620022348 0.030385843163228215 0.027331508286678095 0.012681757806375708 0.013827187761030434 0.012105890600872542 0.010161204144558292 0.013304328816271123
58 580 0.029805769206006208 0 0 0.025730524808049465 0.032492263464910534 0.02913650312581542 0.012428491449578848 0.014318934604100502 0.012221954077804143 0.010848400100838538 0.013768724627023969
59 590 0.031901461023714814 0 0 0.02787379405708118 0.03517361854472718 0.03183617032346918 0.01350195090929631 0.014350604336463013 0.013112924638834893 0.011740208196958452 0.014709159672047147
60 600 0.03561121996636457 0 0 0.031871222737115734 0.03968846620570576 0.03666217675587619 0.015548264943290493 0.015536544567271118 0.01439239582987042 0.013874863322792384 0.015835668563026973
61 610 0.038647208075743386 0 0 0.03163453420736762 0.04019735212135247 0.03789242728720752 0.017677318012334204 0.01655505392265785 0.01587202367758236 0.015016705284436617 0.0172376534625072
62 620 0.04044406427064723 0 0 0.0315466323208166 0.04204980529512348 0.03931893934425572 0.019539024759169514 0.017198295102207165 0.01664669443847217 0.015514598856168777 0.017788921922275016
63 630 0.04204883960984049 0 0 0.03225534919917994 0.043474689764336986 0.039997667335994795 0.021201726110487124 0.017591451549353723 0.017452558626890158 0.01604847664516172 0.018365752169652857
64 640 0.049031544380514526 0 0 0.04031140245206534 0.05291149514216292 0.05260435431190919 0.02830583258908559 0.020461958071175363 0.020701306349022768 0.01818136754282052 0.02006301386155176
65 650 0.053509808771531775 0 0 0.044726195841953774 0.0591190840590375 0.058676048365528345 0.032540390173983365 0.02226327126588833 0.023229085519408384 0.01943076077705352 0.021597749208886078
66 660 0.049981211279703334 0 0 0.04022117213598888 0.05417162064681605 0.05392008503847998 0.030628107555524836 0.020782910059075326 0.02181825331556469 0.01806111234128759 0.020040806015442846
67 670 0.04370892634055243 0 0 0.035186718199352686 0.04737785289561326 0.04767407434098697 0.026762225320818966 0.018041862125171282 0.019068360803043347 0.015138734471560465 0.017566507090053543
68 680 0.0425206127587738 0 0 0.033325629827710083 0.04439667576123577 0.04610638081661421 0.02716319909619047 0.016556043641563562 0.01786765043287534 0.014719228786804574 0.016956697712537414
69 690 0.03737015964116286 0 0 0.028385887599702 0.03785911932563858 0.03899102945994645 0.02401896284695903 0.014322946261838488 0.015324918850079885 0.012698277545074403 0.014826775357070417
70 700 0.036583520504481666 0 0 0.026933231019212103 0.035819567704839406 0.03699892392541005 0.023433272429868455 0.013741866743548544 0.015345476468052423 0.012037265987064939 0.013858669209133815
71 710 0.04009793850738546 0 0 0.02922386744860419 0.0390081835403679 0.04078494180977901 0.027685433290982234 0.01495980709755085 0.01733623727878301 0.012822535559813544 0.015239556435112938
72 720 0.03821255373662483 0 0 0.02661646591099133 0.03605975331196567 0.03681534552055814 0.02547843976283327 0.014046401314270455 0.015570018034669984 0.012166272818101061 0.014485426475327634
73 730 0.03628067326440444 0 0 0.025348550999011638 0.033439515480153 0.03556588925520131 0.024289264425870857 0.013199189005754397 0.014465639112293156 0.011464172839450178 0.013896157278908536
74 740 0.03682480786333494 0 0 0.02548205886254619 0.03388201602839246 0.037045841503646676 0.02595414876581845 0.013537211098385767 0.014361327855198279 0.01173662113258346 0.013515626503163038
75 750 0.03845782768816497 0 0 0.0264005664484242 0.03466237197260886 0.03898127141028957 0.028265216199982332 0.014031762618983094 0.014249720473079534 0.012249661998159887 0.013517664120738552
76 760 0.041811461458341345 0 0 0.02644677347805313 0.0346036416645186 0.040418910138965286 0.031404293902869425 0.015033867184165908 0.016022326584137825 0.013351713494102795 0.01473330136050559
77 770 0.04345075691688589 0 0 0.026786662478173545 0.03565922099464003 0.04161003022275036 0.03333098428872104 0.015431613237148081 0.016479010648362574 0.013990654054279666 0.01528848442805993
78 780 0.044666902120766044 0 0 0.02812856984270965 0.037804351007728804 0.043710882171663204 0.03522868247918112 0.015806370122247886 0.016675132195784575 0.013246105128212645 0.015743233437435233
79 790 0.04167003800146913 0 0 0.024956198963303283 0.03481206505471739 0.040573540765388515 0.03266339704879019 0.015319313163811315 0.015770787908974734 0.012155669482751846 0.014109879745560558
80 800 0.044142870267869394 0 0 0.025090512597283218 0.0353941586107595 0.040872401382181255 0.03540218367115657 0.016909265383503697 0.016769321553240644 0.01301846643069421 0.014890221123065785
81 810 0.05212552632029658 0 0 0.029441194571955567 0.0414241530423282 0.048911141111493486 0.04173426549268396 0.02104409654319812 0.019990970378820062 0.015188479074080528 0.01788881683615299
82 820 0.06270333418460636 0 0 0.03534936854411802 0.05026095948157208 0.05985222851336002 0.05180938224677418 0.02559430579931514 0.02286304492790263 0.018517725057730135 0.02156223167137873
83 830 0.07335816509676879 0 0 0.03961792172252393 0.05520944418348605 0.06614091720009038 0.05979757282089731 0.031733321949576114 0.02635148509339991 0.021358341395946064 0.02504351940366662
84 840 0.07137521227905419 0 0 0.036159996394342274 0.05255436688301618 0.06323296895381911 0.057393241640667295 0.030598050615360427 0.02599995275382599 0.020941806096183704 0.024385744129815364
85 850 0.07093583626156551 0 0 0.03384272082045351 0.050585958271058315 0.06085907316239618 0.05528314724716395 0.030310851502433043 0.02594181871434895 0.020913691856249368 0.025782022272717125
86 860 0.06103590122865736 0 0 0.02833404136281429 0.04253237078628638 0.051631986229675735 0.04708465512323969 0.025802502309690254 0.02271517130119521 0.017878882388308655 0.022049004417587146
87 870 0.05982930472061305 0 0 0.027573780798461386 0.041537344521752895 0.050616443195826734 0.046476921967536375 0.026020751621585413 0.021987542892191878 0.017545767295279943 0.020739244998862857
88 880 0.055471173215080605 0 0 0.025272274228268738 0.03797283403497335 0.046358657729445536 0.041321658867640304 0.023292459260370872 0.020049948540200313 0.015830619833761335 0.019277259985143968
89 890 0.05052034201364244 0 0 0.021709093515635994 0.03309501150135966 0.0400754257687682 0.03657611156131 0.020544740548756504 0.01736390801477937 0.01431537705607286 0.017120974264540505
90 900 0.042463828057352916 0 0 0.017486356424382798 0.026194462790560986 0.0328527805776086 0.029751058620115997 0.016867783108876395 0.014318006363212017 0.012183478731925691 0.014336627385446216
91 910 0.04177384951311195 0 0 0.016171287418277527 0.02433338453523944 0.0323113913840852 0.029579961819790335 0.016612337758766856 0.014179194038943688 0.011990103218633797 0.013891660587196182
92 920 0.03725344655807443 0 0 0.014089624454051212 0.020430810651731888 0.02785392865817608 0.02575599108890178 0.014639558614266955 0.01275353219883663 0.010178944227389318 0.012081699790953823
93 930 0.03306997268616724 0 0 0.012394754662200915 0.017878128788946575 0.024336285799018687 0.022730198361880487 0.013114327400839327 0.01134792350339232 0.008892249813577027 0.010926321265911412
94 940 0.031159511054413377 0 0 0.011023957081881681 0.015621300313735879 0.0216716157506266 0.020586910638644682 0.012403761155953211 0.010652138967760702 0.008496239788285924 0.010224680065769483
95 950 0.030488390167281415 0 0 0.010714222987449652 0.01570183263040421 0.02135683253679335 0.02061992700873155 0.012311212948491846 0.010335748560314361 0.00825353308341774 0.009856189941024421
96 960 0.026958950841232645 0 0 0.00927618987355002 0.013310887899181036 0.0182656790010157 0.017840935913738473 0.010852804218699594 0.008837849513889084 0.007295073441190363 0.008683329860619298
97 970 0.026926014099397124 0 0 0.0090938165898992 0.013032072384390322 0.01785509925973002 0.017213044638589005 0.010734872339141915 0.009139711231738928 0.00729588573541365 0.008505618016258688
98 980 0.027558909354037583 0 0 0.00908274845264195 0.013239499443346087 0.017637769792167357 0.01722441441218175 0.01060625941575186 0.0096149552323797 0.007864868414798033 0.008799060904390869
99 990 0.026791437631475883 0 0 0.008603102130009942 0.01316790266461395 0.01725873769104175 0.01631055271863933 0.010019508131616072 0.008866338766592721 0.007584864874716585 0.008484614731590798
100 1000 0.032366295384893 0 0 0.010677338667755784 0.01621858616072117 0.020747290592528077 0.02067855945776763 0.013023620616282141 0.01088257580072062 0.009346487243527624 0.010294236839902215
101 1010 0.035874889732789524 0 0 0.011363535393277698 0.017508158152466795 0.021965672179709343 0.023085466340220743 0.01451952304736669 0.011664908866501157 0.010209117715391146 0.011401605489461373
102 1020 0.03964312833733565 0 0 0.012643160268751128 0.019134388067559908 0.024723640408936872 0.026275963656565683 0.016793454914157003 0.013193583252318416 0.01105564054795971 0.012037504475011514
103 1030 0.0425804037444883 0 0 0.013660309871325672 0.020780219019162754 0.027315106840944924 0.028681892939607493 0.018665604557862432 0.013990475692829475 0.011848544252970387 0.011931804165938196
104 1040 0.04947930957396439 0 0 0.015811924793704888 0.023541668241578453 0.031194538413918164 0.03400460290026529 0.025159867697028594 0.016252623665621788 0.013801098994629156 0.013868310173309337
105 1050 0.05510347878894391 0 0 0.016973971085335014 0.024515924614062126 0.03248219965306285 0.03525811314894415 0.02830685410831358 0.018216783133681413 0.0155777924057887 0.01577185758153263
106 1060 0.05753220890499509 0 0 0.01722952214610297 0.024830807147955856 0.03295143773264779 0.03674803880897371 0.030997511096418625 0.019186322419897782 0.016085557708928513 0.016633774173817523
107 1070 0.058632974077062416 0 0 0.017207948961860384 0.025182066070514597 0.034035430415404626 0.038223702802577544 0.032012346294256755 0.01988144074932411 0.01635869682073378 0.01719650071967198
108 1080 0.06023415422823153 0 0 0.018137093372384124 0.02636922095876786 0.036520361875377785 0.04057008802733644 0.033073060606209764 0.021810866152448517 0.01685623461701991 0.017707203075396534
109 1090 0.0568434650452001 0 0 0.016391685326424293 0.02381928983678844 0.03356394996966428 0.036910703511685176 0.030637595344629474 0.01993599322451859 0.01573582704033963 0.016533082059836463
110 1100 0.05186224147756932 0 0 0.015055586645814882 0.021398573280978255 0.02978561999992471 0.0334728372152082 0.027333914519493307 0.018322440933413776 0.014060356314684648 0.014975479079979844
111 1110 0.049338863167506915 0 0 0.013941598561024126 0.020179460879733952 0.027677661784500956 0.030826221642909112 0.026070338223228885 0.017015362995205736 0.013752851733564607 0.013711084713351354
112 1120 0.04577003331295714 0 0 0.013086820237086393 0.01889346617084631 0.025170079099653228 0.028619924913020893 0.024080541152760194 0.014952132680517228 0.012569820174167507 0.012123734898940693
113 1130 0.04314870576245445 0 0 0.011781770186296878 0.017108788717708337 0.022997088652257143 0.02695207830092415 0.02304819032747602 0.013863877822104584 0.011788626472390243 0.011496437125754846
114 1140 0.04112679972567094 0 0 0.011037189876763132 0.016019273001257314 0.021471859169957877 0.025230147537013376 0.021796019751062014 0.013362867676084599 0.011176866621926547 0.011227709650717555
115 1150 0.041239510068429255 0 0 0.010883649635998747 0.01567331804137771 0.02101676018259923 0.025069025204755985 0.0213119199832684 0.013603322955291415 0.011615742068247935 0.011285481817371544
116 1160 0.03901456865245341 0 0 0.01028693617272549 0.014538348285084731 0.019688155750228413 0.023533281732059107 0.020054245992198426 0.013036716296040403 0.011054938438151293 0.010304103547623929
117 1170 0.04205516072686837 0 0 0.011658064478794306 0.015981662366899192 0.02166342203158231 0.026532868264036967 0.02277213933849692 0.01518973343240959 0.011759764248998454 0.011514510147821568
118 1180 0.04848492185105623 0 0 0.013616599435733292 0.018755629090691856 0.025222516779311307 0.031277134166394445 0.029047367139812392 0.019676612125792685 0.013592830012197443 0.012981968747882855
119 1190 0.060128286012275815 0 0 0.016901734423677726 0.02346703498158217 0.03178145405490672 0.03832802888741864 0.036894999279966534 0.024543241787152618 0.01721997111642398 0.015999935702080297
120 1200 0.07402121335713988 0 0 0.0203895748212554 0.028838741575230108 0.0389691919239598 0.04646087368220014 0.04382040869104697 0.02948915734844658 0.022005223474638926 0.019172735272388674
121 1210 0.07614319460866516 0 0 0.02210403670924815 0.03086893323492475 0.041199002880704126 0.04845822150931691 0.04572596495401183 0.030071931362661418 0.021076521828600456 0.019252812011420532
122 1220 0.0758511235001025 0 0 0.02212822136799534 0.030430138413923957 0.0409745742442263 0.04817994461731702 0.04336003740229884 0.028827442556221942 0.020844952773987274 0.019356862992059288
123 1230 0.07624310148307971 0 0 0.02163679390143994 0.029884911881398742 0.03951415588336649 0.04794145285502167 0.04366837562034151 0.028718679362529836 0.02123997587380265 0.020437248006412688
124 1240 0.07001946855058508 0 0 0.019879112591217257 0.027372024492781127 0.03512985997607569 0.04332615830354157 0.04004765267918814 0.026038328979808782 0.019336896007416622 0.018740468475957332
125 1250 0.06805606676834561 0 0 0.01944932919899121 0.027519063213351982 0.035433556016405875 0.04462334459302116 0.03988339242510048 0.026109549609650777 0.018477144435677734 0.017984935329512505
126 1260 0.072830562674079 0 0 0.019511778590173598 0.02798363389231398 0.035841563314565325 0.04531900545055862 0.04106858904985653 0.028228050213199667 0.020468133680895215 0.01965220363373437
127 1270 0.06968168856629994 0 0 0.018752378940831906 0.025488267503311315 0.032967004660121806 0.04160225630872687 0.03825077599882109 0.027132355067078312 0.01958076097857142 0.018113330695544584
128 1280 0.06908214895249222 0 0 0.017718809963408223 0.024796365896674822 0.03170408379954499 0.04053698219913971 0.037147497277954813 0.027119954715605455 0.01906783272592934 0.018048890141150728
129 1290 0.06613305972784764 0 0 0.016422108583654633 0.022619535337376987 0.029296594698862338 0.03736428352300403 0.03394230926041232 0.02521257083071765 0.016848580967724586 0.017529269146248385
130 1300 0.060178467919740145 0 0 0.014360462172750166 0.02025442959314652 0.02626539009648473 0.03369314264212902 0.030618025965094747 0.02255945804850834 0.015207160797839885 0.01587921917175043
131 1310 0.05590955104876068 0 0 0.012645277135436313 0.018104699156572403 0.023790009875683724 0.030970135121680023 0.028001372197652762 0.020722905631848358 0.01394448024546857 0.014638217548072935
132 1320 0.056142550291411096 0 0 0.012589931722649892 0.017847845997097357 0.02357190400160471 0.030723605061755734 0.027497649325280947 0.021010026604961724 0.014709729426126375 0.01489307988515887
133 1330 0.05287780708076373 0 0 0.011503308190671552 0.016190547561409946 0.021662871945195738 0.028316614651003953 0.02539502208132872 0.019334681792420934 0.013875747314432581 0.013991046954288358
134 1340 0.048832943824794056 0 0 0.01061457317109655 0.014581590035920165 0.01942846583971458 0.02536079943600542 0.02319579706102287 0.01786275661236177 0.012818643682978397 0.012746431060026762
135 1350 0.05041859247332729 0 0 0.010900703002202772 0.01495091664417799 0.019872104704982022 0.025773720989894493 0.024294795150359025 0.018880504771212073 0.013187129520019799 0.012998472927085057
136 1360 0.052018092989887625 0 0 0.011066861427933202 0.015082759795813501 0.020049045964229767 0.026716543708576193 0.025699897617468034 0.02044511871277622 0.013932286200353937 0.013455689076162769
137 1370 0.05206661442475579 0 0 0.011047645717254763 0.015334318082599828 0.02051188959541284 0.027469559694888027 0.026764710767022474 0.021453975002155037 0.013504223796722763 0.013381083724492735
138 1380 0.0551802000543909 0 0 0.01189687632188428 0.015985919376240314 0.021504062998464895 0.029132602718958994 0.028749483580559367 0.023335690378673706 0.014777176722543592 0.014239913387990471
139 1390 0.05474771045283867 0 0 0.011471816351786127 0.015126744262836164 0.02114527244980749 0.027984784797736254 0.028012825155871435 0.022854764870826466 0.015059255969862722 0.01423502081913592
140 1400 0.04840445578708989 0 0 0.009725940011049372 0.012656627154955394 0.018008181851674288 0.023845373222956528 0.024693577815155843 0.020070180276329865 0.013192341904066358 0.012460065163705519
141 1410 0.053144233941447974 0 0 0.010550337326956653 0.01365187503283351 0.019101268985925613 0.025749015509507662 0.028080474099024144 0.02412059017498314 0.014741392230923085 0.01322050249071792
142 1420 0.057989850954482926 0 0 0.011268959933930615 0.014685563035950049 0.020347054056151753 0.02763755514656288 0.031011002368586612 0.02771012786142397 0.01536623481031601 0.014464580618305016
143 1430 0.057231592865158686 0 0 0.010717727315622302 0.013657973490126582 0.01884373392823346 0.02675324939683381 0.030716647977117314 0.027743335922449923 0.015131959222074208 0.014517753765682142
144 1440 0.06038994736578619 0 0 0.011271085003490701 0.01477714551800644 0.020457390534917838 0.028893533605181713 0.03416301582348788 0.0310671741852927 0.017179459377903734 0.014910260987909176
145 1450 0.06178248882000705 0 0 0.011472456293716448 0.014849311988589648 0.019905289695493964 0.028778353985551328 0.03494093570918644 0.032580337852665044 0.018267706944138706 0.015428963065778794
146 1460 0.059296303499477544 0 0 0.011163578687126637 0.014062231378062836 0.0191920655607862 0.027734470187862143 0.033215429869381204 0.03127069348532471 0.017478670884545675 0.01479065226797904
147 1470 0.05539244903405787 0 0 0.010377101666212397 0.013191422595119956 0.01761773758303543 0.025394290068374355 0.031235678637187236 0.029765276452043517 0.0163271152603142 0.013938974302859708
148 1480 0.059366645934279094 0 0 0.01079711824617632 0.01407863509018742 0.018773921668032968 0.027020006997671302 0.03347154491475917 0.032986160185457254 0.018856257849558515 0.014247236196493762
149 1490 0.057659246900581405 0 0 0.009943958269174857 0.0133210455504319 0.0179067748047163 0.02573186070926823 0.03255760688056557 0.03236739946590235 0.018764535361898777 0.013414206724008752
150 1500 0.05508086886343454 0 0 0.009658916654868725 0.012736177991199185 0.016761231734826385 0.024222988357680414 0.030951723432153914 0.030453592217889593 0.01788565391100096 0.012631783407789502
151 1510 0.04788590385115821 0 0 0.008382097839424965 0.010986762903193286 0.014538338569736076 0.021140911862503817 0.027220872671871395 0.027040624848761168 0.01564476039269644 0.010795854290587666
152 1520 0.04314101225452656 0 0 0.007293432374188025 0.009521722347095207 0.01282128091775848 0.017700558215828152 0.02347942569544137 0.023446069122969898 0.013775245774432916 0.009599896136773525
153 1530 0.039644069888453176 0 0 0.006335715347290855 0.008356825894805242 0.011378378363848366 0.0158291474966308 0.020793519674294637 0.020599401971394312 0.012443277216795164 0.008817247932508756
154 1540 0.03713089034923144 0 0 0.005965730992592398 0.007730089002084975 0.010747288249125964 0.014737034319968256 0.01920282670278086 0.01894556001082653 0.011697834602343466 0.00824516122306829
155 1550 0.03664447536528632 0 0 0.005734163953823489 0.0075081196851207324 0.010597407224340598 0.01411148606930203 0.01848483723047283 0.018710534915006037 0.011291580866985177 0.008419702202162519
156 1560 0.03826521921501046 0 0 0.0059940344754819234 0.007794261898346772 0.010816085750341561 0.014500027059715283 0.01926133435192456 0.020317109389355777 0.01204857257516851 0.008797331766111045
157 1570 0.03943210740264348 0 0 0.0059057632415576156 0.007639179160985746 0.01097392925824964 0.01492762592885088 0.020192816288932033 0.02176238212575899 0.01318107974751566 0.008932889031203383
158 1580 0.04197178611819847 0 0 0.00621810638664193 0.008100195203445506 0.011674755003883132 0.01601677143931656 0.021665824555326778 0.023950690663322432 0.013896802704149063 0.009102600454113804
159 1590 0.046860678403687885 0 0 0.007046573746356162 0.009094461373796298 0.013216194426789382 0.017777293050157506 0.023770410786109256 0.026418039976278045 0.016888231240779428 0.010091427582430658
160 1600 0.05154014236717289 0 0 0.007774487797788686 0.009740045354489812 0.013734225907190842 0.018576805651184122 0.025031798971366544 0.028177278611324456 0.019030599594714644 0.011079792484170957
161 1610 0.06199964587754827 0 0 0.009225592906055648 0.011673700447305993 0.01616675611028195 0.021721630033489592 0.029340265714845354 0.033166628672419964 0.023180352048968858 0.013294413706044757
162 1620 0.06443624726294819 0 0 0.009297637227678422 0.012079520825836488 0.016847278702923293 0.022530542320154764 0.029816092719624647 0.033590602255765635 0.02365323055476524 0.013765661836393925
163 1630 0.06664237686227358 0 0 0.009333871572837577 0.01174733016401753 0.017218910298289883 0.023174817173352617 0.030122317216188566 0.034059003149167655 0.025311869266622496 0.014562840080905366
164 1640 0.0700728713273816 0 0 0.009901087175155253 0.012007585092447808 0.017423941746177767 0.02359575346864906 0.030807392660394173 0.034962702701299184 0.02733450253829263 0.016107526779055
165 1650 0.06678817392121342 0 0 0.009296765942572506 0.01124086010185106 0.016575404523146903 0.022459572537155675 0.02921494332572755 0.032840030952904636 0.025720645582603764 0.014793738980355952
166 1660 0.06042375241018123 0 0 0.008329758838707027 0.009853819560064512 0.014225259515611164 0.018977772024344457 0.024723319502966173 0.027861977191818453 0.022963705757872762 0.0129491106937452
167 1670 0.05577184970252322 0 0 0.007836444470158065 0.00912808190533811 0.013255028484487247 0.017676538629730808 0.022660378550804456 0.02534582888930451 0.021052203170028077 0.012185097677697519
168 1680 0.053693658184089235 0 0 0.007279254054837102 0.008812185017756574 0.012694300190406472 0.016685664987302406 0.02163623421310468 0.024725482649844074 0.020335852941259794 0.011672408223540123
169 1690 0.05584777314651779 0 0 0.0070974391083680035 0.009151818654542279 0.013559693315457842 0.017444574802685787 0.02291241292134799 0.02651514751483832 0.022352168629373215 0.011800445436166894
170 1700 0.060969910175943276 0 0 0.00767579764070381 0.01007136331669939 0.014649780811624505 0.01892593611323835 0.025553332178696184 0.03001988166978758 0.024621360526977425 0.012510863725027212
171 1710 0.06302730310828059 0 0 0.007745271141316984 0.010342021375915297 0.015010499918039762 0.01891946854920104 0.026041821459998987 0.031206985681286187 0.026023992622455576 0.013296120632806278
172 1720 0.0684678360018415 0 0 0.007804982910066391 0.010855613304224777 0.015864733306015233 0.01984985704584202 0.027706283934134705 0.03448112816061992 0.02975406058567685 0.015831435003046727
173 1730 0.06446159629293655 0 0 0.00734972489550301 0.010136390306554548 0.01441160934685988 0.01803400702950909 0.02579312528299809 0.032639766967644535 0.02829868587251367 0.015026852081362261
174 1740 0.06310327512060111 0 0 0.006964315240585615 0.00958982959829642 0.013757748400158696 0.017679910262286144 0.024962995136159353 0.03175922978473173 0.028023521638867687 0.014514755885422309
175 1750 0.06100986920451533 0 0 0.006650447976540411 0.009281848903807585 0.013260104671200274 0.017207194864973775 0.02379540723058086 0.030491795731861344 0.026572134226092958 0.014475395960706116
176 1760 0.05785121257555479 0 0 0.00626325764754909 0.008639992808236158 0.011957226683028722 0.015698585465098596 0.02227497561006666 0.029010438379635982 0.025137957641794082 0.01315435115436832
177 1770 0.05842141342018598 0 0 0.006276621859015527 0.008494616697887303 0.011806083466377397 0.01587990122991583 0.0224003284199619 0.03018123742368211 0.027006445216264743 0.013451347269107026
178 1780 0.057731153897310476 0 0 0.006107057304661204 0.008314288966156312 0.011432156368839807 0.015781005103921157 0.022404637443077493 0.030237708342481334 0.02711914378808498 0.01391327997999814
179 1790 0.058857621461551844 0 0 0.006224256078258776 0.008456218672851118 0.011532970431927435 0.016389549636506837 0.023341037789005807 0.031888037976617524 0.02910300729888142 0.015043201145813425
180 1800 0.05764026322487008 0 0 0.005824999517919231 0.00796843193862552 0.010880135826420358 0.01579632602908124 0.02270197473197872 0.031205708976218275 0.029220208680160984 0.014930017212096884
181 1810 0.05249570310412589 0 0 0.005163839833647472 0.006825902535157932 0.009580199548159104 0.013705454597248718 0.01979409991787665 0.027372343496869088 0.025968425385308195 0.013766158593225645
182 1820 0.05534508591047052 0 0 0.005409427909840505 0.006992329208597414 0.009876195329330697 0.014687201654872917 0.019847846723291408 0.027307836805114775 0.02647067683067716 0.01451880325961479
183 1830 0.056899793745878974 0 0 0.005562004167249601 0.007114309369061301 0.009764454396929922 0.014606776612592796 0.019751520417755568 0.02714949353264384 0.026765188418866277 0.015621720620268953
184 1840 0.05714105606509558 0 0 0.005608587061755916 0.00713747364439542 0.009765381600824082 0.014375243191152454 0.01967008836189168 0.027000221367266403 0.02618518197237006 0.016442403564061348
185 1850 0.05700866889904652 0 0 0.005594389521553423 0.007164698726908445 0.009630683911974977 0.014345794879385806 0.019396176424506747 0.027005954824989346 0.026507005415590496 0.017158635810146594
186 1860 0.05544990317876446 0 0 0.005342108728260611 0.0068423188017800035 0.008995900690320288 0.013733807987018459 0.018654232049218143 0.026194296605799618 0.02540161692870485 0.01735030549465829
187 1870 0.06155344708342341 0 0 0.0058263753137147555 0.007152973207626917 0.009252647486567947 0.014725088067282626 0.020451849668455292 0.028055298287302667 0.02912391761023264 0.02121848880705388
188 1880 0.06568941546366198 0 0 0.006326034516954404 0.00766556281335647 0.01003581375393934 0.016515077124246255 0.02300370990034238 0.03236211198273952 0.03412749326363803 0.02502137781071819
189 1890 0.06651934238921074 0 0 0.006249513174443126 0.007713506724453161 0.010217219305149355 0.01680609959371569 0.02347705412612843 0.03239900844767028 0.03456890949191022 0.02503341036093894
190 1900 0.06296843757172946 0 0 0.005921544968436361 0.007183558194159315 0.009567896027576362 0.01568708836325419 0.02124892178698081 0.029252245563436006 0.03176184617496719 0.02344879588368213
191 1910 0.06001969800045225 0 0 0.0055282578261112054 0.00661952001926857 0.008945455523415297 0.014494578249817518 0.018951286112355286 0.02696101661629349 0.030221922011932002 0.022558099532678826
192 1920 0.05828213105620747 0 0 0.005349994481126035 0.006393770491336691 0.008751628420707461 0.013749140732065207 0.01786789923503662 0.026206802082378 0.029508602654469335 0.022215456226318722
193 1930 0.06283880523125038 0 0 0.005829984178405169 0.006896431647045927 0.00967196703062786 0.01494324369717419 0.019883860249380516 0.029509389716936927 0.03408213746686323 0.025593363934447923
194 1940 0.06254936443728458 0 0 0.005741119696524983 0.0067221971533665765 0.009640031912906761 0.014512202393688502 0.01972130596310718 0.028968280320308952 0.03338474236529707 0.025096250965353374
195 1950 0.06477454901725406 0 0 0.005926195037257496 0.006962023021942543 0.010116128594463479 0.014370885412425758 0.019852209818322256 0.029550856583757227 0.034094010300767835 0.02637073608232242
196 1960 0.07077005383457681 0 0 0.006335979885889869 0.007594993930114904 0.011098807418917462 0.01574237395380685 0.02155153123079087 0.03196312536200207 0.037925823866000255 0.03128443322363368
197 1970 0.07542190268333035 0 0 0.006729393145050943 0.008174464371067064 0.011749726297696121 0.01683460921763591 0.022479304844145304 0.034390874717359424 0.04213434140547046 0.03643448021296511
198 1980 0.08216347904659455 0 0 0.007234629893555759 0.008812554470249258 0.012317782974590205 0.018704372485533756 0.024099783562245163 0.03716854873345611 0.04607298807074135 0.040485815298825056
199 1990 0.08305311544314406 0 0 0.007208787397425264 0.00877365731259271 0.012425954614695643 0.01835919541378106 0.024562518568868617 0.03722461349167837 0.0464650968359232 0.04051798546711059
200 2000 0.09557564551246044 0 0 0.008157065362873864 0.01022115227064271 0.014377745983770613 0.0210262101159955 0.028584324784776842 0.04306241285042687 0.05577545452411206 0.052677693573847384
201 2010 0.09685578087392448 0 0 0.007598744427937735 0.009775593935769171 0.014035650537528315 0.02077606032576577 0.028249623926128148 0.0424746051567659 0.0562326420799086 0.054705311882987176
202 2020 0.08715624017160553 0 0 0.006836660323706583 0.00879345422757072 0.012023878770428466 0.018142686417991043 0.023771001620393115 0.035977418367666054 0.047139045209097494 0.04745539261985294
203 2030 0.084907632820069 0 0 0.006518410834540913 0.00846024806671524 0.011617660622840968 0.01729146048248417 0.023121653507344277 0.034832280051805366 0.04598196198642123 0.0472784467339832
204 2040 0.08016420598610112 0 0 0.006027286645973308 0.007844664284838944 0.010434197400187415 0.016100011557877356 0.02107965617502434 0.031456243251826436 0.04242804685284652 0.045240182898005014
205 2050 0.07181770568905309 0 0 0.005271775793738524 0.006853860324062039 0.009055290601352605 0.014321625525124152 0.018971069908470053 0.027981754395331654 0.038465657673318124 0.04094590090513704
206 2060 0.07022806915546427 0 0 0.005275644974669748 0.006707077147350851 0.00852925122936953 0.013834969172274184 0.01847463362751836 0.027753182258760563 0.03802765113029029 0.04124030365149893
207 2070 0.06490330413787926 0 0 0.004907472714092748 0.006151943304749381 0.007790036734339229 0.012878938159414946 0.016883888765529098 0.025120559876866233 0.0347921730740658 0.037921140138786384
208 2080 0.06303201155893706 0 0 0.004897846235530511 0.005899750887564737 0.007503393476246363 0.012251372688313108 0.016113226014916215 0.024003543964265957 0.033819620037328066 0.03752186485749217
209 2090 0.05634502008960997 0 0 0.004409581112845577 0.005268149791879732 0.006649031985612569 0.010677626139264998 0.014032109073463132 0.021155873592430995 0.02965853556599424 0.033111041813367055
210 2100 0.049275081779431726 0 0 0.0037735814224763345 0.004478810426397738 0.0057437148272360605 0.009206422289554301 0.01206954730651878 0.018105973216290348 0.025630872296371253 0.0288777434210928
211 2110 0.04169238224175951 0 0 0.003087667676408009 0.003774453730268856 0.004793983964668442 0.007613745321667969 0.010108271602478793 0.015200013998045001 0.02160787806678554 0.024332713895447458
212 2120 0.03802049227256884 0 0 0.002805062034665968 0.003386140829888819 0.004182202568511617 0.0065403948940600575 0.00886148452724549 0.013349226518160987 0.019147581665341848 0.02137458328218614
213 2130 0.038459141993836606 0 0 0.002796075571042818 0.003378514240746373 0.004138346140053658 0.00641773492992208 0.00878496068190838 0.01318592568965633 0.01875601688466263 0.02154132369079678
214 2140 0.03935989322303457 0 0 0.0030623433170549738 0.003535477720447365 0.004172491256311266 0.006341907233562427 0.008557898448834521 0.01286600771631463 0.01860381748867929 0.021899990635079625
215 2150 0.041776662418370886 0 0 0.003261838155212105 0.0036356724848174327 0.004331305948686853 0.006680234582322274 0.009191111225554983 0.013880924496831445 0.020960694768238284 0.025879011236385852
216 2160 0.04482801224613708 0 0 0.003482859437366676 0.00398250411583127 0.004603055737912078 0.007539254125338129 0.01044411702869583 0.015721216300144763 0.024038118813747816 0.030432893278739784
217 2170 0.05158151901212216 0 0 0.004006514352736489 0.004599923781741932 0.005357893062928838 0.009053450841358286 0.012717422057306048 0.018841771503828642 0.029904913090817806 0.03947017873163639
218 2180 0.053129616093744766 0 0 0.0042187009187017585 0.004674227071766906 0.005454311040586306 0.00928062526875344 0.01314226520605088 0.019565233974111314 0.031443244431049566 0.042020152173102676
219 2190 0.05252288283231565 0 0 0.004072960949189869 0.004575431725769355 0.005321897748521024 0.00902291518242335 0.012796111616598044 0.019312628568755714 0.031283869013584674 0.04222688764429204
220 2200 0.04994146041265134 0 0 0.0038540345765808613 0.004187744449885454 0.005006554136924837 0.008207114607667536 0.011808093986668267 0.01766858954480104 0.02890852175007601 0.039385352524066324
221 2210 0.04743739683663187 0 0 0.0034434542624933017 0.003807782206128223 0.004632568897207991 0.007806004867314757 0.011287035058314509 0.016845824103747065 0.02777958027004006 0.037663599793117425
222 2220 0.04573536931151251 0 0 0.0032752165780153427 0.00367353022773187 0.00426513316757642 0.007131687875245045 0.010602085758065342 0.015940651862263382 0.026461076872592172 0.035761516195722556
223 2230 0.041645817711540065 0 0 0.0029213307623359793 0.003271994603889306 0.003763214265189323 0.006240993604454843 0.00904398867198876 0.013530842934837419 0.022431032903830354 0.030099445904178023
224 2240 0.03801819147569396 0 0 0.002670081933385679 0.0029913553652264144 0.00340101618232073 0.005255538646348206 0.007797725721839205 0.011770348758549843 0.019798993721079107 0.026663282481048378
225 2250 0.03429592341621799 0 0 0.0023509558898571893 0.002599346343237342 0.00300865809357107 0.00451153527161162 0.006813374615894165 0.010114973975396575 0.01701099182382877 0.023029502512306073
226 2260 0.03181727764506391 0 0 0.002229022735517949 0.0023482848661281093 0.0027585671602643456 0.004194166610673251 0.00617721656593325 0.009168972681657754 0.015633225919220447 0.021467233496833302
227 2270 0.03403965450550347 0 0 0.0024123826029302706 0.002440605502199442 0.0028478098363646093 0.004382493747649895 0.00668045053764553 0.010146211598244277 0.01677097936922941 0.02359759231864434
228 2280 0.03194771762080332 0 0 0.0022595837158892462 0.002270071282909351 0.0026191011992676033 0.0038200271508188454 0.005946884458515643 0.00900961627985781 0.014801012373526294 0.021205793284069293
229 2290 0.031995930685504985 0 0 0.002305370798740491 0.002216561576444571 0.002576760539104942 0.0038121240093782712 0.0058774384558347645 0.008980364181786401 0.014844311443997497 0.021485999142785404
230 2300 0.03139209755129173 0 0 0.00226376386399067 0.002153337865158474 0.00253316071634989 0.003759613331862701 0.005779653777907013 0.008777983288261066 0.014513751762978951 0.02114808207281819
231 2310 0.030002523151733622 0 0 0.0019868139222557965 0.0019410833656216162 0.0024218399992050757 0.0036132560456920977 0.005523616701711935 0.008297858591880206 0.013555471792452064 0.019952740507368817
232 2320 0.030741736507750417 0 0 0.002060602160626884 0.0019711130863903654 0.0024197977406679857 0.003699278993942581 0.005696119120206603 0.00853178311399009 0.014001193913645639 0.020793120475433056
233 2330 0.0333395171566732 0 0 0.0023564795590343326 0.002185822515400068 0.0028713368451964 0.00413835113075158 0.006610488033986329 0.009976386443792779 0.016400756586654255 0.024563408345012114
234 2340 0.03688363217315837 0 0 0.0026296007943693257 0.002460421616648279 0.0032590636653044625 0.004591791695481007 0.007310993837148288 0.011258193554074925 0.019040658019703668 0.02926337456495941
235 2350 0.03283808579514754 0 0 0.002356463776951456 0.0021843849485065937 0.00287921080848939 0.0040340268186215885 0.006493411439430464 0.0100433336875388 0.016933191345019968 0.026015906212537514
236 2360 0.030057452411281962 0 0 0.002115233650196757 0.001952377697737257 0.002532184379471837 0.0034926408273106284 0.005656446268970532 0.008814953823172973 0.015091427070143548 0.023329216323388004
237 2370 0.031243976020323534 0 0 0.0021873423967672715 0.002004223221282753 0.0025213136986955353 0.0034272290409888607 0.0054516368936232875 0.008750707206443654 0.014868887993256344 0.023219421036970393
238 2380 0.03300405683178112 0 0 0.0023288542401803916 0.002111516457182173 0.0026772812960419337 0.0035269643939170262 0.005698071019327131 0.009330982639801432 0.016097005500354346 0.024933878159439954
239 2390 0.03361822212931876 0 0 0.002263798969731288 0.0021156802973047364 0.002710307693312539 0.003506686340483907 0.005881880126422785 0.009710150278040326 0.016962289195064307 0.026205229020782372
240 2400 0.03455336652244308 0 0 0.002225864084939258 0.002134199081086845 0.0027941033873018534 0.003573522565355616 0.005996978183324676 0.00984675690259585 0.017214529133144703 0.02670820700376768
241 2410 0.03096853446210487 0 0 0.0019880722623494824 0.001911786128918762 0.002449868392211153 0.0031650185038627023 0.005247494172141274 0.008568127763670145 0.015037004033563308 0.023372382218476647
242 2420 0.030467325031266243 0 0 0.0019135509780754253 0.0018661779509107981 0.002424066666313909 0.003177362119660703 0.005054070969366882 0.008611988867153442 0.01494467844983088 0.023279027052222477
243 2430 0.030292667272372335 0 0 0.001821780772554455 0.0018887426124769176 0.0024337458479191335 0.0031347218635651417 0.00511167727325573 0.008719352049568533 0.015165061047365744 0.023853596415843406
244 2440 0.03164964957081821 0 0 0.0018750864691200676 0.0020591854050929404 0.0025749492999531357 0.0033849080828109303 0.005545907465428538 0.009554877523361423 0.016408959577943315 0.02614915827645172
245 2450 0.03006863473633178 0 0 0.0017785369996899828 0.0019506527947528568 0.002444421091872954 0.0030826103135990165 0.005244514429755955 0.009278989037932046 0.016005460564148515 0.025807879998579628
246 2460 0.027563551157372853 0 0 0.0016319615757208544 0.0017732299218984754 0.0022090421446717906 0.00275551109348161 0.004797656101620538 0.008467437754943687 0.014578795481253973 0.023669050731401436
247 2470 0.026643602243638376 0 0 0.0015592078318551169 0.00168762186206562 0.002123366216637554 0.0026695927014456803 0.004624108322931299 0.008220579217988924 0.014269808622278184 0.02330605743914775
248 2480 0.026984000586002053 0 0 0.0015407364927922352 0.0016949044742475378 0.0020256340224040596 0.0026416553611847988 0.004682779119040143 0.008366174782225603 0.014688083097886927 0.02404364687519127
249 2490 0.025188180082401066 0 0 0.0014312249695413572 0.00158946536860412 0.0018770208616455946 0.0024159938538700523 0.00431448618814661 0.007580735528060022 0.013314131655722084 0.021736999015157285
250 2500 0.024130500795361273 0 0 0.0013614281604511815 0.001511514152282098 0.0017563418667450375 0.002257937872541486 0.004047503947039509 0.007116634218341787 0.012475443515097518 0.020579598932887442
251 2510 0.02497154096515541 0 0 0.0013751183349835466 0.0015590181258902495 0.0018036285157024636 0.002312874537678275 0.004164957307568286 0.00735177478474141 0.013026799856520771 0.021828731153140792
252 2520 0.024361378680211328 0 0 0.0013411779973702435 0.0014793348160690722 0.0017319668953351404 0.002172238855388185 0.004005992542034969 0.007141229667598908 0.012744527134306974 0.021440923139894458
253 2530 0.022688983190017227 0 0 0.0012110411648567536 0.0013482042079266887 0.0016034872918534802 0.0019954428356902818 0.0036927024990670862 0.006608023772580382 0.011786695295854355 0.01985841075620668
254 2540 0.02137997028702249 0 0 0.0011339048070002132 0.0012464922072614006 0.001489542125686986 0.0019018714969401506 0.0035201251790781254 0.006292060150940657 0.011262801309600196 0.018920714461416757
255 2550 0.02469639926408917 0 0 0.0012629254894381936 0.001495911020805463 0.001783332461925043 0.0024277551923053216 0.004483033988833883 0.008017852648130156 0.014522138827500555 0.024831555397221837
256 2560 0.025298153127734615 0 0 0.0012794593884444528 0.0015131852699660695 0.001767027943763382 0.0024511170469558143 0.00443916206897724 0.008099216715623902 0.01479656981920677 0.025357346338165887
257 2570 0.023938420380276857 0 0 0.0011777368742158863 0.0014346835460532486 0.001653888394974674 0.0023079182651739947 0.00425410136958437 0.00780407447413714 0.014260061101088291 0.024485972961244946
258 2580 0.021985760008071713 0 0 0.0010324427771380277 0.0013100796676645166 0.0015045060726012049 0.0020930995521418624 0.0038868555765571265 0.007139139629836777 0.013092485100608047 0.02254548324488004
259 2590 0.020873701488127817 0 0 0.0009899531972572316 0.00123259150388397 0.0013870419554653207 0.001905889327423959 0.003563898540156351 0.006567575004709756 0.012032065925018157 0.02075991498371005
260 2600 0.020538591207524895 0 0 0.000976786372764684 0.0012083616314916758 0.0013757591095418266 0.0018945694649695512 0.003602276742551022 0.006580670414417678 0.012049036963742824 0.020799807646520205
261 2610 0.02224581639890464 0 0 0.0010551823394417403 0.0012995903590011554 0.0015571605659003176 0.00214586374972793 0.004023378774591346 0.0073058006231912775 0.013308019722192546 0.0231110562190716
262 2620 0.021305647644037074 0 0 0.0010315614142285027 0.0012508274346235504 0.0014670890069173386 0.001996106618036589 0.003752803355309013 0.0067995489312899 0.012470490130723629 0.02170885112271477
263 2630 0.02130417113130276 0 0 0.0010459415598993165 0.0012317783556499739 0.001416555359131151 0.0019106968706601433 0.0034827889778282425 0.0063522894996397225 0.01166919425900761 0.02049704569847582
264 2640 0.021746219381723737 0 0 0.0010295566642994855 0.0012048168319001304 0.0014778526743230095 0.0019235567582646471 0.0034977178340536512 0.006492597119696029 0.012049963324620607 0.021288013264398862
265 2650 0.021812636051920953 0 0 0.0010044974932141323 0.0011960094570670457 0.001499993383277825 0.0019354866029814882 0.003415377951227302 0.006258744227589833 0.011626798661052902 0.020512660300655745
266 2660 0.019990733653266198 0 0 0.0008963272344904126 0.0010743844743523886 0.0013531978769315898 0.0017747056857826099 0.0030787532754826407 0.005638885482074284 0.010505659932838784 0.01849865926577354
267 2670 0.0175148463843178 0 0 0.00075507760512992 0.0008715544328506406 0.0011619841280074042 0.0015376708982105748 0.0026432747056065807 0.004853385130556935 0.00903812350846687 0.01602599718847727
268 2680 0.01606347526917005 0 0 0.0006849419727123139 0.0007815051077449659 0.0010546461925367789 0.0013859776683475646 0.0024281041535937358 0.004427654520113591 0.008267869975120832 0.01472702134083013
269 2690 0.01649385815533155 0 0 0.0007059198983674738 0.0008104390678498848 0.0010557348839116956 0.0013734076049762454 0.0024484036172709596 0.00442820543721781 0.00827868811509721 0.014817605609013221
270 2700 0.016275613452680512 0 0 0.0006934205742291244 0.0007739022085878851 0.0009628843770039549 0.0012730871253025032 0.0023505380130516176 0.004304723386184361 0.00817258852625472 0.014639428275921743
271 2710 0.015792904256362886 0 0 0.0006670887184126214 0.0007528969478625444 0.0009202035210983518 0.001213549757385405 0.00224082874101234 0.004170367389883638 0.007947985931750392 0.014240432166195844
272 2720 0.016017171454501232 0 0 0.0006410246889735433 0.000734032750598569 0.0009031994458502562 0.0012159356014829234 0.002254985855668642 0.004117860193783314 0.007942483868137193 0.014314029172753852
273 2730 0.01678220863115168 0 0 0.0006767066043359862 0.0007410604273103142 0.0009364749551738852 0.0012569940877936716 0.0022631783671204437 0.004177472610023949 0.008063806177221482 0.014576370336542448
274 2740 0.018508977754451757 0 0 0.0007451304501905443 0.0008648933920042276 0.0010419908343561042 0.0013522565278246796 0.002403185513804209 0.0045143277351023196 0.008761035825605258 0.015942648950533725
275 2750 0.01810405914125257 0 0 0.0007273732475421853 0.0008166084441679316 0.0010191777484769126 0.001342298997103104 0.0023545689387661235 0.004409265542558516 0.008521189723958218 0.015588030289629564
276 2760 0.01694589829227551 0 0 0.0006490822306571217 0.0007613639898302614 0.000945216085821379 0.0012443626106201232 0.0021540544338718185 0.0040106060229808385 0.00766561396461148 0.01411647673792178
277 2770 0.016268374682065437 0 0 0.0005940715973962162 0.0007305430997870326 0.0009108092400131622 0.0012114806204051758 0.0020674823929568713 0.0038532949269184115 0.007346702220497069 0.013599743816690383
278 2780 0.015978035663422197 0 0 0.000578438066902032 0.0007041543688096615 0.0008065446291410101 0.0011114640445358656 0.001945400272435563 0.003709530104866331 0.007133055950559914 0.013273104868511978
279 2790 0.017101353024720295 0 0 0.0005868975696421995 0.0007293275804238723 0.0008609798593820638 0.001197997215803644 0.002165948359932712 0.004076488158849025 0.00782492972076037 0.014680939148110576
280 2800 0.01658840070956663 0 0 0.0005723502959444652 0.0007045040459099367 0.0008094119063198136 0.0011384255696075735 0.00210824845973905 0.003952945384378533 0.007582229544904429 0.014268445689308037
281 2810 0.013985705155142353 0 0 0.0004883829861912974 0.0005904087638988242 0.0006588728442379661 0.0009056199469335924 0.001656617686386546 0.00312906142338233 0.006018053546600997 0.011453753739276361
282 2820 0.012872613150748296 0 0 0.0004353147985754982 0.0005368655079126868 0.0005959070109506585 0.0008412593975579435 0.0015539834729677727 0.002927939976459335 0.0056926313559530145 0.01090705448847483
283 2830 0.011819619106105152 0 0 0.0003923389211187189 0.00048467581829535363 0.0005402617254404342 0.0007753324758762704 0.0013945680625672085 0.0026486118476611886 0.005162675238889811 0.009899931252873553
284 2840 0.010409871934076375 0 0 0.0003412939656159422 0.0003961765550050281 0.0004586852059906888 0.0006681180146144393 0.001206393997219682 0.002305758598455197 0.004523519815674675 0.00871440309590397
285 2850 0.009251970165945402 0 0 0.0003011549778389013 0.000339126825730182 0.00039662176516137685 0.0005655645923550838 0.0010491660035379083 0.0020188587731797365 0.003999340704834132 0.007741462727187324
286 2860 0.008172402363976128 0 0 0.0002644537874589261 0.00029327505961938697 0.00035035676687324196 0.0004880541304531811 0.0009055386838536218 0.0017705783332999758 0.0035090425562732197 0.006825380208860082
287 2870 0.0073883187378905105 0 0 0.0002337873236174873 0.0002544532111340328 0.0003032885563225128 0.0004418806833696669 0.0008126210208394767 0.00158728685931723 0.003150920830645436 0.006096878024516996
288 2880 0.006945304054055202 0 0 0.00022171155853854796 0.00024179310856555007 0.00029096160936868524 0.0004123095476274171 0.0007655738582720206 0.0015060187558519015 0.0029912735529263467 0.005806517716870044
289 2890 0.0060418357720562355 0 0 0.00018915044242745417 0.00020874582078621526 0.0002504615162296482 0.0003522737591244556 0.0006478188613893638 0.001268891484947146 0.002510065154341003 0.0048636547751461775
290 2900 0.005881449997320834 0 0 0.00017887435915828987 0.0002069802548236266 0.0002481674396419272 0.0003512285900460562 0.0006550370995697105 0.0012717973738556939 0.0025005544968640984 0.004854630246779781
291 2910 0.006162500812699129 0 0 0.00018818655375889764 0.00022280056955358498 0.00026371582216846843 0.00035135094577962503 0.0006638646474632022 0.0013243358218387575 0.002595449197441784 0.0050625022609425575
292 2920 0.006222912394865461 0 0 0.0001905032019037013 0.00022497494252092818 0.000267795627793682 0.00034875470366430646 0.0006434581080820259 0.0013070917951874797 0.0025627854072787413 0.005014168024440597
293 2930 0.005608294373538871 0 0 0.00017073529621811605 0.00020301055117662335 0.00023926169241464445 0.00030541190426678494 0.0005627688938301861 0.001125308333034167 0.00220682093984464 0.004328355404002631
294 2940 0.005194106233006706 0 0 0.00015638299790352576 0.00018915681242138264 0.0002204564659301336 0.0002827747130988368 0.0005152470254307451 0.0010412127824046902 0.002046436773049838 0.004012489274546437
295 2950 0.004662194605567687 0 0 0.00013977499654600412 0.00017195045813097175 0.00019424164475625574 0.0002509964479520686 0.0004479643389588743 0.0009107721471386026 0.0017948799192369768 0.00351528722241105
296 2960 0.004134800661286262 0 0 0.00012284405140092078 0.00015071751681837857 0.00017094235759154632 0.00022299978537888474 0.0003984265037422059 0.000813256661947126 0.0015954711723651733 0.0031229474222539575
297 2970 0.00376025891074192 0 0 0.00010666195343141067 0.00013183742901126357 0.0001485263385019893 0.00019351749236801505 0.0003537661092364828 0.0007244889801171247 0.0014226916913378544 0.0027918154708972
298 2980 0.0035141088257982923 0 0 9.672119936911017e-05 0.00012081270919729465 0.00013628724295878435 0.00018041794901645856 0.00033308429185001023 0.0006928968159218609 0.0013614208940607754 0.0026569624517789104
299 2990 0.003537085305068274 0 0 9.789339034209848e-05 0.00012364331755621393 0.00013469563973946138 0.00018331603719577233 0.00034120560590717987 0.0007064136901341301 0.0013892924261784464 0.002709283111248849
300 3000 0.0031644950998061094 0 0 8.29540491069698e-05 0.00010566040183540122 0.00011817350891265757 0.00016504937302293344 0.00030735419754885756 0.0006353249581870131 0.001245941533078916 0.002429923079472489
301 3010 0.0027919536326816473 0 0 7.224898451576343e-05 9.311137190295518e-05 0.00010257114975039776 0.0001459268599287785 0.00026870981945987534 0.0005509434144121404 0.0010765108364477465 0.0021026127202434662
302 3020 0.0023182561389277316 0 0 6.0316309305378615e-05 7.896025493800184e-05 8.591414509572854e-05 0.00011979513202110455 0.0002128328018028751 0.0004334773827014393 0.000828589975187633 0.0016233573455418414
303 3030 0.0021155507271200303 0 0 5.5836900404667945e-05 7.256065817762112e-05 7.773509103176477e-05 0.00010405108355858685 0.00018148466741534165 0.00037164239869839346 0.0007132928302182749 0.00139398490062044
304 3040 0.00210946162532375 0 0 5.3073061581938196e-05 6.952684091680013e-05 7.562225120127387e-05 9.931526007277655e-05 0.00017067001299632303 0.0003554984309410825 0.0006889147286371329 0.0013468094211240074
305 3050 0.002165173800452096 0 0 5.6015792528209954e-05 7.409015903032513e-05 8.090045444625275e-05 0.0001034400049357097 0.00018082998547062058 0.0003709286465048803 0.0007265139415980424 0.0014258980796861265
306 3060 0.0020124836332216438 0 0 4.991161384698776e-05 6.750559883336903e-05 7.399300977320878e-05 9.315372530457749e-05 0.00016240771452347518 0.0003312509541290864 0.0006493191670040046 0.0012730701085052066
307 3070 0.0018224621799824323 0 0 4.4039247740659716e-05 5.586172787654363e-05 6.273523152761078e-05 8.065996360520716e-05 0.0001409413578943229 0.00029226800523025106 0.0005738519879546752 0.001125831460998234
308 3080 0.0016325744754189964 0 0 3.984843386892696e-05 5.026775971235303e-05 5.660486048767459e-05 7.262284146733682e-05 0.00013078915067257237 0.00026835627633755394 0.0005271639983671192 0.0010308105843784942
309 3090 0.001726269203866154 0 0 4.140540335452444e-05 5.1502848439857e-05 5.9287680849031054e-05 8.299021248606453e-05 0.00014504515876980926 0.0002918629644010958 0.0005759446873569713 0.0011385067015130378
310 3100 0.0017541127823806006 0 0 4.175632898516483e-05 5.145560387974884e-05 5.9732610267754825e-05 8.66942182761945e-05 0.00014878016045912103 0.000298081277280372 0.000588492354881734 0.001159924000566717
311 3110 0.0015690115474196686 0 0 3.7220755524687815e-05 4.564545010060355e-05 5.199310304102151e-05 7.675844814481902e-05 0.0001304759074722419 0.0002611308806625306 0.0005171908652537872 0.0010227489831555925
312 3120 0.0014599896796914007 0 0 3.394827815582117e-05 4.120362933348332e-05 4.719519271130975e-05 6.789639872015877e-05 0.00011910751465770787 0.0002374112086153711 0.0004729772105792477 0.0009370014087839527
313 3130 0.0013097425298370972 0 0 3.03669348859573e-05 3.696338599601046e-05 4.215996492461895e-05 6.037710195084043e-05 0.00010436729514823593 0.00020817580800587264 0.0004119726386147084 0.0008157730154127343
314 3140 0.0011752440305209107 0 0 2.6970400549943038e-05 3.29141462354775e-05 3.759193241416525e-05 5.3609179905743854e-05 9.249065836528407e-05 0.00018371196508285315 0.0003655882649050664 0.0007235601230938139
315 3150 0.001050548163282384 0 0 2.4115477871109412e-05 2.8661766672160743e-05 3.277989916613855e-05 4.715056987037456e-05 8.464375989038381e-05 0.00016856190046827274 0.0003343358364717381 0.0006607894701112522
316 3160 0.000927882597084018 0 0 2.0651056380695254e-05 2.4827089797697308e-05 2.8995900303997978e-05 4.183012008565056e-05 7.556722465648697e-05 0.0001502593347969803 0.0002969025870651485 0.0005882097142305871
317 3170 0.0008956898387914844 0 0 1.95222326563767e-05 2.293584143397145e-05 2.6721987766222464e-05 3.8866762155083325e-05 7.227760420626034e-05 0.0001438399224842527 0.0002850374192944486 0.0005642308241764982
318 3180 0.000874589099452175 0 0 1.958449761536677e-05 2.1172458117416394e-05 2.6125531333827418e-05 3.7496163340708914e-05 6.966005063567986e-05 0.0001373350579054593 0.00027246237746808056 0.0005391342904449239
319 3190 0.0008013158916432193 0 0 1.7385648910807145e-05 1.9013490503875217e-05 2.2700258882082143e-05 3.1103744342664426e-05 5.761413348917726e-05 0.00011414808097794092 0.00022642058131644712 0.0004508796126662147
320 3200 0.0007704082086042922 0 0 1.6525910211372702e-05 1.797581844315062e-05 2.2372371046827004e-05 3.0019767162569302e-05 5.575412665237087e-05 0.0001099641749526569 0.00021791901036978913 0.0004325489588967964
321 3210 0.0007716290117638545 0 0 1.6463077409809924e-05 1.8437461405105936e-05 2.2566356240213493e-05 3.00598554136984e-05 5.576528330162593e-05 0.00011013447722809634 0.00021595826510686553 0.0004280576265348541
322 3220 0.0008024493133932041 0 0 1.6629918314852393e-05 1.89852785572921e-05 2.3497219110594772e-05 3.13113073382619e-05 5.736847875472538e-05 0.00011382155500837707 0.00022326823515261734 0.000443235015988633
323 3230 0.00067852514787116 0 0 1.3453099267285631e-05 1.5862964310385993e-05 2.0090299966999145e-05 2.6902976923942726e-05 4.807070265678619e-05 9.437096961484083e-05 0.0001847294636053494 0.00036601291736447684
324 3240 0.000662291101463811 0 0 1.3115011074250636e-05 1.5152881603014988e-05 1.935192238043578e-05 2.61542507589816e-05 4.643947498201676e-05 9.167413010275018e-05 0.0001801531558596183 0.00035648227883065164
325 3250 0.0006574248008954417 0 0 1.3259518208246967e-05 1.5011040475638977e-05 1.8307093563941987e-05 2.5315282567766756e-05 4.4976540729724754e-05 9.07001718523365e-05 0.00018134150485663527 0.0003585350304135869
326 3260 0.0005874271978942668 0 0 1.1647613106200077e-05 1.304128914655338e-05 1.6379052492328386e-05 2.2716463736070964e-05 4.096870114536967e-05 8.294484553102013e-05 0.00016548713974451123 0.0003260361131979952
327 3270 0.0005523946683256412 0 0 1.0704965245410149e-05 1.2095665853806227e-05 1.5652449593927966e-05 2.1548378105236852e-05 3.900077592982913e-05 7.756741361704805e-05 0.00015578864097562543 0.0003095454595018784
328 3280 0.000491927520220634 0 0 9.546931566989e-06 1.0745471646264373e-05 1.423971404450144e-05 1.953782864266427e-05 3.512656112813764e-05 6.887498694290857e-05 0.00013821947309961843 0.00027571408145732996
329 3290 0.000466844437860374 0 0 9.42534085215357e-06 1.0160495898440863e-05 1.3438210919976255e-05 1.854470611223153e-05 3.351375627482264e-05 6.577989001223524e-05 0.0001319947706054009 0.0002630956882303274
330 3300 0.0004645124191072094 0 0 9.126449390338742e-06 1.0238303884783806e-05 1.3322830304947129e-05 1.9278641342044885e-05 3.4381158399029436e-05 6.59187335220051e-05 0.00013186307143460296 0.0002635107874244568
331 3310 0.0004409192817395741 0 0 8.412063630625446e-06 9.435766927811302e-06 1.27658033037362e-05 1.808489420377352e-05 3.1837931711097306e-05 6.126816487313184e-05 0.0001224997888799301 0.0002449189439836304
332 3320 0.0004165767097272658 0 0 8.056074484327139e-06 8.79921808317259e-06 1.1552934727018276e-05 1.6487451405531176e-05 2.96808961409901e-05 5.756501302071163e-05 0.00011529330731944667 0.0002304273555682753
333 3330 0.00035335705855671086 0 0 6.265976173260995e-06 7.067625131863692e-06 9.366648803613732e-06 1.3526275250791107e-05 2.395697526522606e-05 4.6501966145827743e-05 9.26967300802367e-05 0.0001848895008039155
334 3340 0.0003122526983608017 0 0 5.4082862850133286e-06 6.098600236185289e-06 8.301484566086435e-06 1.200905536969602e-05 2.099490917783739e-05 4.1148469080394475e-05 8.203079859347097e-05 0.00016314371458642856
335 3350 0.0002779458273392524 0 0 4.804119044815226e-06 5.324151355498081e-06 7.254756667666449e-06 1.039770391463076e-05 1.793287975078516e-05 3.510663574161814e-05 6.992047870542668e-05 0.00013914323213590565
336 3360 0.0002824524217749384 0 0 5.013665985377745e-06 5.493248246118686e-06 7.44514532311346e-06 1.0670226766163936e-05 1.8600182369180597e-05 3.64793835947326e-05 7.236112611040624e-05 0.00014423366689052995
337 3370 0.0002509277589958868 0 0 4.481578887783007e-06 4.762618274264061e-06 6.3202294331617515e-06 9.356151109576546e-06 1.6358142094936324e-05 3.161916752671636e-05 6.276528309914779e-05 0.00012506032395703416
338 3380 0.0002422521511206749 0 0 4.2248950967064915e-06 4.355658044044898e-06 6.218048950814549e-06 9.025929071275865e-06 1.5812796641946512e-05 3.0930019582491035e-05 6.149697934227566e-05 0.00012259883742270214
339 3390 0.00023525946085103323 0 0 4.181947700028064e-06 4.125898590271113e-06 6.002589445862338e-06 8.906598219147383e-06 1.5922520349944046e-05 3.137486038639867e-05 6.289727760386468e-05 0.00012518739936475258
340 3400 0.00024488860979864703 0 0 4.317802964771532e-06 4.22372240118403e-06 6.055680263207223e-06 9.391388441349748e-06 1.6877252869745933e-05 3.2671837018441495e-05 6.551987895535797e-05 0.00013063962326043102
341 3410 0.00023191913326324573 0 0 4.039505977507944e-06 3.928223363404737e-06 5.727785623584691e-06 8.759126220388774e-06 1.6076965993951272e-05 3.09927053391748e-05 6.203081189505101e-05 0.00012396858977753366
342 3420 0.00020402031743839769 0 0 3.4375221495145614e-06 3.3423914358485584e-06 4.840057028186298e-06 7.688099859472166e-06 1.4134287626879683e-05 2.740125835570381e-05 5.481529891386847e-05 0.00010960019396958197
343 3430 0.00016990378928641116 0 0 2.7590459411938383e-06 2.826410265566905e-06 3.9805747550083675e-06 6.301784218849898e-06 1.1657454484048901e-05 2.2421945059721433e-05 4.4736099036493145e-05 8.94706894346149e-05
344 3440 0.0001465155704814168 0 0 2.3696534282933423e-06 2.36559327062107e-06 3.508909386760092e-06 5.534402708442565e-06 1.024727097724468e-05 1.9681347140794653e-05 3.924221986031204e-05 7.851651037098235e-05
345 3450 0.00013228959062422567 0 0 2.0935889081107734e-06 2.0823860449454742e-06 3.1196632375857672e-06 4.975604838784668e-06 9.244765478751198e-06 1.7813401756332755e-05 3.559566712063348e-05 7.126589860432505e-05
346 3460 0.00011219401308281904 0 0 1.688604985935418e-06 1.7656811633643936e-06 2.604801055487818e-06 4.200023974426821e-06 7.855160706189177e-06 1.5091231679969792e-05 3.020440462331091e-05 6.0446878632554656e-05
347 3470 0.0001022480818356173 0 0 1.5383608239367355e-06 1.6088106709975752e-06 2.229761221102191e-06 3.707093673786383e-06 6.874457850095483e-06 1.3298475337868129e-05 2.6793056240222026e-05 5.37336606971214e-05
348 3480 9.696340213735666e-05 0 0 1.4511990114713813e-06 1.4725909898966516e-06 2.0695432156886784e-06 3.506781100878477e-06 6.576240023555054e-06 1.2620462986424202e-05 2.518000234432334e-05 5.0419387633629744e-05
349 3490 9.133384477743522e-05 0 0 1.375000831301229e-06 1.3546406644195084e-06 1.95080410453051e-06 3.29135334356948e-06 6.145760825613854e-06 1.187278125564171e-05 2.377065576739741e-05 4.758241158705928e-05
350 3500 7.93725865755758e-05 0 0 1.2058485031512668e-06 1.185775859832655e-06 1.7131090341627878e-06 2.8772246301113547e-06 5.32598003398914e-06 1.0295520865692309e-05 2.0694679620020717e-05 4.1452055333510156e-05
351 3510 6.896986507745315e-05 0 0 1.0250530141092278e-06 1.00478793053962e-06 1.4427817926325996e-06 2.4696132639386387e-06 4.580007272841756e-06 8.896890335330243e-06 1.7860411918119485e-05 3.574507496262299e-05
352 3520 6.619146966751292e-05 0 0 9.82132350097698e-07 9.870936709004053e-07 1.347760925507256e-06 2.2545343865368768e-06 4.166267361522515e-06 8.089682518961434e-06 1.6257774390083735e-05 3.257743651509567e-05
353 3530 6.205838116833067e-05 0 0 9.265377176671358e-07 9.040670582061529e-07 1.2476934637014232e-06 2.0862822675927545e-06 3.808101092631334e-06 7.3850689817863115e-06 1.480373383120822e-05 2.964118370895655e-05
354 3540 6.410404849886346e-05 0 0 9.919793289201607e-07 9.9961381411475e-07 1.2686224266870757e-06 2.0830745264218026e-06 3.776456600860323e-06 7.342155110593965e-06 1.4785539301971841e-05 2.9591290581668694e-05
355 3550 6.217175000846325e-05 0 0 9.567464085808652e-07 9.785187394537942e-07 1.2419713770758022e-06 2.0327938682468098e-06 3.6784579072819386e-06 7.150931347556249e-06 1.4421834442668979e-05 2.880198286360278e-05
356 3560 5.8994682261611015e-05 0 0 9.019734573932134e-07 9.334741971356564e-07 1.2043651866455062e-06 1.950622714834452e-06 3.529693343843719e-06 6.839590219249858e-06 1.3832625128701839e-05 2.7628951553556382e-05
357 3570 5.6005735978181824e-05 0 0 8.327651746074102e-07 8.732267511445981e-07 1.132251941734612e-06 1.8265755278497528e-06 3.311439336060031e-06 6.392287045549606e-06 1.2914797030997612e-05 2.577868528104613e-05
358 3580 4.875176687755487e-05 0 0 7.235648017553234e-07 7.582276422014303e-07 9.640833741005723e-07 1.5964849203293385e-06 2.9064082685043066e-06 5.615451237401692e-06 1.1341882308848409e-05 2.2632544941925368e-05
359 3590 4.374038928676376e-05 0 0 6.344985329077738e-07 6.606558879255474e-07 8.797034075294747e-07 1.4352839679515717e-06 2.586069659784461e-06 5.062718264165694e-06 1.0237995532920026e-05 2.0426473474695086e-05
360 3600 3.9872357030992526e-05 0 0 5.783154245228581e-07 5.967705662846071e-07 7.673594116856259e-07 1.298864310481541e-06 2.327837894376478e-06 4.560278970823419e-06 9.21447635350929e-06 1.8357257030539573e-05
361 3610 3.6322802852033047e-05 0 0 5.358735739720057e-07 5.461505021978981e-07 6.638046422829393e-07 1.1131573004856943e-06 1.991829692813416e-06 3.944682847075549e-06 7.857145287846825e-06 1.564830384383833e-05
362 3620 3.313414473014936e-05 0 0 4.7488972684806707e-07 5.139067091404931e-07 6.015463171323695e-07 1.0001286394297589e-06 1.7568213230095099e-06 3.4818209943112477e-06 6.892596270340255e-06 1.3714154372011496e-05
363 3630 3.011739073608459e-05 0 0 4.345347340605814e-07 4.6801470392458853e-07 5.476766182697545e-07 9.015232796093826e-07 1.5727200699479034e-06 3.1002472536318537e-06 6.14829506413908e-06 1.2207907335699e-05
364 3640 2.9427904482769533e-05 0 0 4.073394188360267e-07 4.445318643351515e-07 5.331570427885717e-07 8.373989574305627e-07 1.4545192236705396e-06 2.834911254291446e-06 5.580114410913918e-06 1.1101072945192071e-05
365 3650 2.69657177643522e-05 0 0 3.751358968725402e-07 3.9464673005826676e-07 4.87638933601586e-07 7.814100131491054e-07 1.354035748192896e-06 2.6589543122420428e-06 5.217184664046927e-06 1.0356930167933573e-05
366 3660 2.5031533616712816e-05 0 0 3.5368139900488306e-07 3.656742703189171e-07 4.208827577000021e-07 6.924544263672619e-07 1.2105940202169065e-06 2.359790529438371e-06 4.633458053675193e-06 9.19397299194056e-06
367 3670 2.2405649569239106e-05 0 0 2.969670529716276e-07 3.2661895852826255e-07 3.8051460052038694e-07 6.200044168957364e-07 1.089679077882989e-06 2.119134671105673e-06 4.145150737376876e-06 8.228578239883237e-06
368 3680 1.9700073007491008e-05 0 0 2.5984631235698733e-07 2.9289172436178845e-07 3.3990473506104105e-07 5.533414273697786e-07 9.482668051221589e-07 1.8629343158905197e-06 3.6406685020686597e-06 7.222668928016469e-06
369 3690 1.812989788239586e-05 0 0 2.4080986150119386e-07 2.611269247557298e-07 3.12122833071388e-07 5.074866058427852e-07 8.574626841041966e-07 1.6708466019756809e-06 3.269775075829345e-06 6.523504755873393e-06
370 3700 1.711855427568437e-05 0 0 2.2227780196530674e-07 2.449369651374477e-07 2.9414429150104314e-07 4.720501061131877e-07 8.009611588940608e-07 1.566934784235959e-06 3.0705414579566106e-06 6.129160590070293e-06
371 3710 1.6495863009261707e-05 0 0 2.221253488240019e-07 2.41209122089329e-07 2.9025474739238273e-07 4.556264092378198e-07 7.773773174486801e-07 1.526075473216846e-06 2.987062303270345e-06 5.95178492790788e-06
372 3720 1.554187369417386e-05 0 0 2.0748530717439327e-07 2.2286453115517302e-07 2.701261045693752e-07 4.0976980742091834e-07 7.111200254571042e-07 1.3836057110824187e-06 2.7297039348356043e-06 5.442285816039512e-06
373 3730 1.4406837216203439e-05 0 0 1.8663928471798132e-07 2.0862062283190613e-07 2.4399653514422313e-07 3.76243713354537e-07 6.532646853004973e-07 1.269059716046202e-06 2.5032367469247106e-06 4.996124757033472e-06
374 3740 1.3272030712560515e-05 0 0 1.7106107230755792e-07 1.9156894361837613e-07 2.211904968205818e-07 3.3710970566205e-07 5.901548887470283e-07 1.141633867685097e-06 2.2776596578567322e-06 4.547801661325911e-06
375 3750 1.2321608622929374e-05 0 0 1.5419213548309142e-07 1.7537909357317154e-07 1.9765218882267384e-07 3.106291193708683e-07 5.508541096732806e-07 1.0593531677542522e-06 2.1123407327412144e-06 4.206640751911314e-06
376 3760 1.1989573284496203e-05 0 0 1.4575598988320322e-07 1.7007954740994878e-07 1.9125606792211861e-07 2.942160303717663e-07 5.235772132779827e-07 1.015114700706581e-06 2.0256476469942837e-06 4.030153888569008e-06
377 3770 1.027439672869531e-05 0 0 1.2069493542724436e-07 1.42238606882092e-07 1.584080865322274e-07 2.3626657120137206e-07 4.1288468980395274e-07 8.128598378950374e-07 1.6199408515735372e-06 3.2173870901617247e-06
378 3780 8.947831419937879e-06 0 0 1.003917008317714e-07 1.1770576858725878e-07 1.3478871516845834e-07 1.9538973172968705e-07 3.4429174422442815e-07 6.813129125262033e-07 1.362295041399354e-06 2.70878567288868e-06
379 3790 8.64801052521282e-06 0 0 9.348404041728344e-08 1.0679270293435492e-07 1.2805681034417698e-07 1.86897371120943e-07 3.353608751950595e-07 6.693505105192e-07 1.3406399909082191e-06 2.6664891606975844e-06
380 3800 8.126395293499097e-06 0 0 8.491166948817899e-08 9.717563020799969e-08 1.1377425567607034e-07 1.6557692017226189e-07 2.967884817027862e-07 5.941113000077119e-07 1.196412075948727e-06 2.3714287814658588e-06
381 3810 7.258902943958332e-06 0 0 7.472184360478582e-08 8.458445627911985e-08 1.0130786915156151e-07 1.4648104630861329e-07 2.5948250883825915e-07 5.252215218872774e-07 1.0576533624679544e-06 2.101154825232788e-06
382 3820 7.15753042567908e-06 0 0 7.741138391572313e-08 8.258035798092757e-08 9.613427764017405e-08 1.3975504092498614e-07 2.490498454376819e-07 5.04448521506195e-07 1.0186946364084225e-06 2.022771289515497e-06
383 3830 6.983863784127753e-06 0 0 7.568705819500019e-08 7.94169453226239e-08 9.102202294667309e-08 1.3374524644950797e-07 2.4315044110650567e-07 4.933984063528913e-07 9.96014256707358e-07 1.979503847023048e-06
384 3840 6.06405238232434e-06 0 0 6.554939407874806e-08 6.683270904539665e-08 7.839213924208251e-08 1.160545647421012e-07 2.1094983689658282e-07 4.271103226579919e-07 8.587330375703021e-07 1.7022826262111285e-06
385 3850 5.545081108119469e-06 0 0 5.964855885774969e-08 5.795622999692247e-08 7.166994567396456e-08 1.0344212419826849e-07 1.8922377690708097e-07 3.8229173413125025e-07 7.693130091125509e-07 1.5208031015817363e-06
386 3860 5.275405428637717e-06 0 0 5.6096355651942505e-08 5.48712749908239e-08 6.659881611580325e-08 9.86846768114967e-08 1.7980263505808543e-07 3.623257545992362e-07 7.294806127369766e-07 1.4410625092124188e-06
387 3870 5.368588046582451e-06 0 0 5.589719860792415e-08 5.491701989708357e-08 6.776206522579555e-08 9.707486304504891e-08 1.7599904449103044e-07 3.5514466521757044e-07 7.141069580065392e-07 1.411881774927718e-06
388 3880 5.226509294024154e-06 0 0 5.34280543372043e-08 5.090791375541188e-08 6.4721772818223e-08 8.897384508391592e-08 1.6185091092326298e-07 3.271331714343342e-07 6.556812384665649e-07 1.2997192795250787e-06
389 3890 4.8820744170390305e-06 0 0 4.9183555513442215e-08 4.7570195386055735e-08 6.060772488233379e-08 8.100117961336332e-08 1.4840924551300826e-07 2.9785738476583513e-07 5.996208353588635e-07 1.1896956410978645e-06
390 3900 4.5289069532374065e-06 0 0 4.5212137477809514e-08 4.399392065494441e-08 5.528720550833793e-08 7.343186492982035e-08 1.3378051057779987e-07 2.721879983978589e-07 5.495291198803696e-07 1.0913078972078102e-06
391 3910 4.172579247917938e-06 0 0 4.0349547247061874e-08 4.134538659736752e-08 5.0097255522608476e-08 6.623817237915867e-08 1.1991771441379256e-07 2.4396405071845175e-07 4.94116218772666e-07 9.817252246641753e-07
392 3920 3.654909521507176e-06 0 0 3.4537347394243606e-08 3.486628678214077e-08 4.270602786767013e-08 5.6035255908133904e-08 1.0275865918884526e-07 2.0832165861204603e-07 4.2403530517417765e-07 8.428396638209694e-07
393 3930 3.765095076971798e-06 0 0 3.5464020483694934e-08 3.5200229750945584e-08 4.5130769544542366e-08 5.729586429035136e-08 1.0347531947087087e-07 2.1170740200071435e-07 4.311167172081983e-07 8.591848120695008e-07
394 3940 3.86812185940229e-06 0 0 3.6209080938873695e-08 3.614361425345745e-08 4.6609498459266185e-08 6.014606010569545e-08 1.0690346884519787e-07 2.2142789783840426e-07 4.5054018906219594e-07 8.988975415764081e-07
395 3950 3.881497671464598e-06 0 0 3.596316493082994e-08 3.494805370480313e-08 4.6001401549207615e-08 6.07202290952432e-08 1.0937281029802555e-07 2.2393776870638242e-07 4.53938578387997e-07 9.069223924273509e-07
396 3960 3.8119552729594038e-06 0 0 3.319781511602928e-08 3.374551456433251e-08 4.3660322076881334e-08 5.6466130050876524e-08 1.0252236722138083e-07 2.1004732600320125e-07 4.250631325320308e-07 8.509165991861281e-07
397 3970 3.815710937524087e-06 0 0 3.290075202865228e-08 3.384052025793204e-08 4.357437149182748e-08 5.6782361908230295e-08 1.0330417822649834e-07 2.1043170031427224e-07 4.2461723788181496e-07 8.506974014080042e-07
398 3980 3.5768923691718636e-06 0 0 3.109444962656037e-08 3.149714034430938e-08 4.04917863062926e-08 5.244992959307932e-08 9.579526036316933e-08 1.9291772711206603e-07 3.883786654222965e-07 7.786491682793327e-07
399 3990 3.34504475588756e-06 0 0 2.7671056511124226e-08 2.8233798612110614e-08 3.682958458970358e-08 4.846641292521861e-08 8.682047405286689e-08 1.7508735536732156e-07 3.551649945259938e-07 7.133449975236938e-07
400 4000 3.2603451009106515e-06 0 0 2.7921804852144064e-08 2.696971261055099e-08 3.5964843413504965e-08 4.767154329562924e-08 8.412176417428498e-08 1.6945181784638e-07 3.42924221094073e-07 6.885590672927405e-07
401 4010 2.8439579324311737e-06 0 0 2.4106619253929903e-08 2.3220841616997254e-08 3.0781607956595773e-08 4.079033808384953e-08 7.119172977655002e-08 1.4146910210622604e-07 2.844871056941213e-07 5.706497391434542e-07
402 4020 2.667320997788467e-06 0 0 2.3153753520910116e-08 2.1963322365075127e-08 2.8878839306900103e-08 3.984414968737167e-08 6.826335782305112e-08 1.3844952932481025e-07 2.7897462445595027e-07 5.600227188721058e-07
403 4030 2.337334213579196e-06 0 0 1.9948556613399743e-08 1.900085800387922e-08 2.5096216860621352e-08 3.3936768982372864e-08 5.901365530814755e-08 1.1919297459293459e-07 2.4012621057843566e-07 4.815200471805104e-07
404 4040 2.2069662827447347e-06 0 0 1.7949246737490534e-08 1.8637885911221363e-08 2.345559551305985e-08 3.153544238676971e-08 5.504535861349422e-08 1.1066757211093226e-07 2.2267702909342122e-07 4.4497081348577396e-07
405 4050 2.311460449146567e-06 0 0 1.807557279062804e-08 1.9248218353458876e-08 2.3959481795573275e-08 3.258100949276728e-08 5.7247330661113565e-08 1.1510522854622245e-07 2.3260660911862805e-07 4.6384069510830776e-07
406 4060 2.2174781128790103e-06 0 0 1.721034811092559e-08 1.8194468181287468e-08 2.3306231010110405e-08 3.119170388655004e-08 5.458336429920369e-08 1.1026624496276441e-07 2.2280193679709876e-07 4.441368336943547e-07
407 4070 2.0481187023931785e-06 0 0 1.5672193520276305e-08 1.64368343523188e-08 2.1304333471153415e-08 2.8285023743834925e-08 4.931732722279637e-08 9.90837162648562e-08 2.002388430463139e-07 4.016990277372944e-07
408 4080 1.8734553047409372e-06 0 0 1.3778366356420911e-08 1.4626324458994734e-08 1.886703120819068e-08 2.5400311970637586e-08 4.388924839246703e-08 8.837094604164316e-08 1.7834816135177234e-07 3.572058592638763e-07
409 4090 1.7205800991267538e-06 0 0 1.2740113325633877e-08 1.3443441863158423e-08 1.6908881876559402e-08 2.3517505709982765e-08 4.0555775792632224e-08 8.159880085261923e-08 1.6443446237111982e-07 3.2870543953828585e-07
410 4100 1.5614637885051456e-06 0 0 1.1284718603648134e-08 1.2172135189558191e-08 1.4848261366654059e-08 2.0075623033349894e-08 3.547053233348297e-08 7.208590754202646e-08 1.450979645025431e-07 2.915858169849874e-07
411 4110 1.35960557378108e-06 0 0 9.482291083844275e-09 1.0662223643726003e-08 1.2630138165196595e-08 1.712457454410738e-08 3.055613030117357e-08 6.134193440912892e-08 1.232954757786066e-07 2.476442848608954e-07
