% # columns="iteration, evaluation, void, void, void, xmean", seed=1036562, Wed Dec  8 15:42:40 2021, <python>{}</python> # scaling_of_variables: 1, typical_x: 0
1 10 0 0 0 -0.28374795932839963 0.1677760331164347 0.0766565783900069 -0.22308142320155966 0.11094443293104288 0.044090752444510106 0.30047101616049376 -0.010549108281700213
2 20 0 0 0 -0.38589263176091254 0.5239942480670565 0.18206014276991994 -0.06867430874650493 0.2978104776568332 0.22493692156747983 0.4293238306965801 -0.17381239725521405
3 30 0 0 0 -0.2701183831458383 0.4758383427209678 0.32182680277449094 0.008539493537557508 0.3162470713762343 0.37129986633684453 0.28161116244109835 0.044487190011591904
4 40 0 0 0 -0.4212221023350338 0.36550404934384806 0.36069246453312975 0.053887135980609575 0.2524517280799399 0.6452575220510796 0.2617706441010726 -0.028998049476437346
5 50 0 0 0 -0.3477399206305109 0.4571669749020823 0.08651038467986627 -0.22646240053233158 0.04953114127882474 0.5656224151303967 0.16133200747436396 0.1827369968849133
6 60 0 0 0 -0.3083844617669245 0.38134747670279934 -0.040544478707229686 -0.12352504379799271 0.2519386772192367 0.3081351006287894 -0.12018321373517679 0.07018137895993636
7 70 0 0 0 0.07921084324677169 0.23968649161654865 -0.14917351705836093 0.003709976696447112 0.12408282526206016 -0.001979788377984626 -0.21283826825613902 0.185177253168577
8 80 0 0 0 0.23473383488540897 0.039052897354542315 -0.13233747042927066 0.0980789712197864 -0.12068730896812044 0.03382664650604682 -0.17924590377294333 0.17687764845007503
9 90 0 0 0 0.20353476268273626 0.10836916097103497 0.061243079936470296 0.06437205655892984 -0.07439667515282165 0.09634717359252518 -0.0014095290767906221 0.3502501827555348
10 100 0 0 0 0.5055246686100331 0.27855821226654126 0.1718656090676022 0.04878268153159293 -0.08725738361063234 0.07208221182303567 0.09475429793615432 0.06347605833535802
11 110 0 0 0 0.5338455556319929 0.2351279757227059 0.19300126085493696 0.07832554877914576 -0.09697208465644705 0.028115853080994978 -0.08650296595123423 0.07770165386003254
12 120 0 0 0 0.6165363082858806 0.4253945809918558 0.22976876770473956 -0.17600779480554718 -0.1005136107915451 -0.06718398390684091 -0.09470168963175937 -0.006800070657192389
13 130 0 0 0 0.68378387229922 0.25289481842722006 0.019743835245366853 -0.06803726868465257 -0.2141013353692468 -0.1152323706395156 -0.1388523275201998 0.10826446539450156
14 140 0 0 0 0.4572924286677792 0.10785007017291678 -0.03829305161601073 -0.07483300294880865 -0.09360647464656202 0.026797891326382703 -0.16804290268088823 0.07842531313114141
15 150 0 0 0 0.3679475691048489 0.19756979147675632 0.02028415758233195 -0.04471188245868297 0.0165393891018428 0.11114885426331814 -0.10455412107937773 0.05207294612802902
16 160 0 0 0 0.15560466448728555 0.1085426324242561 -0.001955928310817017 -0.016838930527701853 -0.10125943680793542 0.00998302484038821 -0.0627233910382837 -0.011303875697859435
17 170 0 0 0 0.31981536845750747 0.13339104229562204 0.12320087012874491 -0.0061222274092178515 -0.04549536272216488 0.1055977608140575 -0.09174249893097029 -0.03821289253693635
18 180 0 0 0 0.237596512746411 0.02588514546066406 0.06561721609433359 -0.008957844997556056 0.019394598265521756 0.1732489410011829 -0.04424579206001037 0.031117963184510024
19 190 0 0 0 0.1253669252417754 0.08107458204128513 0.09058128803665609 -0.03410231423140588 0.010004561840995508 0.035548008505561224 0.02604251292360115 0.0393552802706717
20 200 0 0 0 0.17219560149820115 0.09164124328231497 0.061232756050407025 -0.08654979976324541 -0.009315849610741913 0.0013897828948660484 -0.001452592709272598 0.07770046260754246
21 210 0 0 0 0.09600429308914164 0.046277180854285456 0.08243502627147424 -0.022318426384409923 -0.008835729136823399 -0.018527101285941594 -0.0006553277290182475 0.09489157214556401
22 220 0 0 0 0.09009884887916947 0.04906107676846892 0.06706560281653819 0.02221326638027353 -0.009626787284126581 -0.0057197063546896645 0.11130536658278192 0.06698663528684283
23 230 0 0 0 0.22267245294772267 0.08266496805002918 -0.02022647424745673 0.05508396847336174 -0.061079239485249744 -0.06005669350093983 0.07395214802419763 0.08305055157927153
24 240 0 0 0 0.1350926698299685 0.10254338076024815 0.045467339122379005 -0.012300378319716372 -0.06865301260940397 -0.007634098943332036 0.1164646401669588 -0.002586919164421428
25 250 0 0 0 0.23222589565154472 0.13192537671989849 -0.006250697237770185 0.03088486157546627 -0.06102134315467428 0.0009049947178770244 0.07708802938654416 0.02244812782356637
26 260 0 0 0 0.3024673401700932 0.10616351799649221 -0.045811562026928696 0.07709151265266002 -0.1175445007463584 -0.04792287708848157 0.07748875380691823 0.0472591026927512
27 270 0 0 0 0.3021435065154777 0.13976071760330627 -0.011751838771282379 0.060320364823683414 -0.0293886766224688 -0.06145412329436021 0.06090308180803461 0.08246359948126195
28 280 0 0 0 0.362759559228938 0.11713466347618247 -0.03201212316261198 0.06194127295763347 0.040011656358884456 -0.041363324565362986 0.059952627949213015 0.08113492465271896
29 290 0 0 0 0.42162170040320723 0.17151325418633812 0.007303803657442112 0.07566843040662083 0.0036221165463129756 -0.02777683024366206 0.037162061843859506 0.06328302837790253
30 300 0 0 0 0.4082067973561394 0.16778493432272817 0.0009838287084126497 0.09442126467389443 -0.03479784969771139 -0.020852685727845204 0.031074952530032573 0.058986025128047716
31 310 0 0 0 0.41686421825524855 0.16267915924723209 -0.003139512891926468 0.09637712761933268 -0.05276188974895731 0.02404636541596307 -0.00043787449144320686 0.0941609636306977
32 320 0 0 0 0.45769441527910637 0.19857279283241494 0.020110442277919496 0.09679103446991821 -0.0410510581031179 0.034978993717069716 -0.0208369443988113 0.05556552263671674
33 330 0 0 0 0.5149153301936087 0.25337367873370276 0.038546405633648646 0.0688560081791901 -0.0032075329014219847 -0.005500982104042783 7.734180195547585e-05 0.040381384253693274
34 340 0 0 0 0.5426019125022928 0.2762069739038699 0.07186545482321763 0.0567266213341296 0.023197163375130968 0.0011466354292965358 0.0010623637801613138 0.05116336342739959
35 350 0 0 0 0.585932679827318 0.3159849996681905 0.09253411402877293 0.049020463616986164 0.029609945998473115 -0.011018981454462461 -0.012455440348393005 0.0334830931231603
36 360 0 0 0 0.5736584335586427 0.3246520901881631 0.11106957867709488 0.03771482939674298 0.03054178209632733 -0.018630297727661057 -0.027435778063084264 0.033714860055337394
37 370 0 0 0 0.6132185275598199 0.35764085201934903 0.15030648573211414 0.028694897417133096 0.02188014344468196 -0.020318622381465846 -0.03857041729368765 0.02142576378379821
38 380 0 0 0 0.5855054276634691 0.35375374293810924 0.11612355975892465 0.03730858915009728 0.058770396391584045 -0.003424030043748652 -0.018148143605214075 0.040551228183555395
39 390 0 0 0 0.6181655263027614 0.3599365178329322 0.11436159232074161 0.04799103566385869 0.03735172912485325 0.0003141529608271009 -0.016170228878211006 0.00923225568952539
40 400 0 0 0 0.579059853063539 0.34993206537436117 0.10080816532960056 0.07329728198232725 0.031841616741299074 0.002232038597673797 -0.015222474361847586 -0.0033232320646233125
41 410 0 0 0 0.5575838230689963 0.3198568931247041 0.11189319159082786 0.054771186059018304 0.01375100759995138 0.01867723555736901 -0.013839774821519216 0.006154252123963932
42 420 0 0 0 0.582429341269184 0.34516685754957865 0.1199649547913252 0.05157000665185917 0.020801474476003192 0.01689247067221775 -0.020375015892360057 -0.006501067125049664
43 430 0 0 0 0.601925100574353 0.35940000180243337 0.1240580134836243 0.04942333220714875 0.026047550149245695 0.013146599077734862 -0.018044834953732422 0.017501359445321996
44 440 0 0 0 0.6267133449545671 0.3956195758109296 0.1501349045584901 0.03767795109834959 0.046775664960613715 0.0013995426652807785 -0.0219436537213941 0.008512512997863868
45 450 0 0 0 0.61026794485752 0.38328096174949117 0.1404879640363169 0.050289325380091746 0.033520338232519625 0.0072386159854559385 -0.020340413771490592 0.008904963088398853
46 460 0 0 0 0.6356142308227714 0.4093335192105866 0.17083109927303552 0.05085418993707974 0.04167602085992012 0.000529099588955066 -0.015555602196491351 0.008360387218132894
47 470 0 0 0 0.6358847958216931 0.4157056502447082 0.17139028812776455 0.04637286569350822 0.02699943640438957 0.009774788696884192 -0.012976391363024491 0.014148522091079562
48 480 0 0 0 0.6297357913994033 0.4174429674185643 0.1809321779517544 0.05520158600779988 0.02616069520353022 0.012546755414618041 -0.0154169538357564 0.008486322661413456
49 490 0 0 0 0.6409288653674788 0.4173087878823041 0.18505514809883944 0.052527996408379206 0.02208200090607471 0.0029476467042286528 -0.013786400233203032 0.004663909271040959
50 500 0 0 0 0.6596424035281764 0.43762015949268196 0.19268944819558811 0.05127956203657264 0.0264385166165982 0.007285836106596799 -0.011393204478600975 0.005049064987073574
51 510 0 0 0 0.6709843194082686 0.45593377508371535 0.2156895604294992 0.05289137537975927 0.022720993468052352 0.008195617722972844 -0.009576323492390015 -0.00431689303703339
52 520 0 0 0 0.6951156091249115 0.4828299073045147 0.2398855334416201 0.04888178256300549 0.02280903505677402 0.012007316355570882 -0.012899053117606835 -0.00039293809720377
53 530 0 0 0 0.6964936478658311 0.49526124982249986 0.25133974680043736 0.05358110732255754 0.015716710804777545 0.012231893981445746 -0.012548301906292447 0.005820796771993524
54 540 0 0 0 0.6933621951651611 0.5008577836409085 0.2463949137990799 0.0583948435471129 0.015736006531557482 0.005223955841428522 -0.0054828441072421515 -0.007578690666996481
55 550 0 0 0 0.6921920309248103 0.5020059907933533 0.2449718953827413 0.06609561911208309 0.01988756417910026 -0.0029068742828679108 -0.0073114161695164645 -0.004006667547460359
56 560 0 0 0 0.7105330972642493 0.5208934660214591 0.27193353279829763 0.06252647103712278 0.018391393734616634 -0.005694484387702349 -0.01021391792980815 -0.006934654704893431
57 570 0 0 0 0.7180694303455757 0.5388363856551888 0.28461400008093746 0.07117488307131503 0.02273092574721714 -0.003504240529329977 -0.0019487074614016522 -0.012696326037124677
58 580 0 0 0 0.7290443771533137 0.5546989964707184 0.30045297582682956 0.07402017714417573 0.017619451200886163 0.005715271237937498 0.003368146270157855 -0.0169927458972672
59 590 0 0 0 0.7392292040977686 0.5597937908587692 0.31154659461444767 0.08067784786564855 0.02322672772285562 0.010146871105168064 0.007835647550914855 -0.023623029561582527
60 600 0 0 0 0.7431774413517055 0.5707478286340331 0.3230130099617994 0.09201154720406826 0.02333846443245507 0.0137108870368548 0.01903079735262538 -0.01553726770302297
61 610 0 0 0 0.738441287301051 0.5562770199606996 0.31769703465059557 0.09823086346736985 0.02568188870472533 0.021089251931509203 0.020733583543167518 -0.005135455805210201
62 620 0 0 0 0.7495502648556417 0.5757123998034946 0.3308461364829487 0.11534220592219084 0.02151813272554971 0.02532571546831171 0.01697921925374538 -0.01787603773767358
63 630 0 0 0 0.7601886859414952 0.586472772281619 0.33483391180318456 0.12735163619831114 0.022143253948247583 0.029015280824104532 0.016636865581226134 -0.02378974748633553
64 640 0 0 0 0.7931758240330394 0.6149303698598639 0.39146322523883276 0.15517845105610265 0.009784422775989187 0.028294318180494493 0.005781458734944933 -0.019421973080451876
65 650 0 0 0 0.80412098619083 0.6297947808030875 0.40323144688521956 0.1659014975714009 0.029995166444729826 0.048109666090259275 0.010777616640839144 -0.014443038696130181
66 660 0 0 0 0.8025477018588664 0.6300200480668299 0.4046138212703508 0.1457146270924768 0.038806837464854346 0.026749699845381475 0.01116957891761819 -0.016946384603974986
67 670 0 0 0 0.809621853746605 0.650061588916091 0.4133500136214132 0.14131209466290767 0.029559739900764968 0.028768360300248562 0.008117676320471967 -0.01766414384832341
68 680 0 0 0 0.8333691692525538 0.6756523947678529 0.44562753534790267 0.17281050236833861 0.028196398144477868 0.02788831712979341 0.014604363915788031 -0.01089335727547056
69 690 0 0 0 0.8119148574549051 0.6552504990090118 0.41151421356037415 0.14821840383230925 0.027651107250695774 0.02709418139713875 0.01010006929588435 -0.004935257754471326
70 700 0 0 0 0.800765435025695 0.6532285115555869 0.40567760195931696 0.15288515642059608 0.022540810524658287 0.016337915634025073 0.007141016909661711 -0.0016639059340667747
71 710 0 0 0 0.8083129047246447 0.6639706308887088 0.4357208610829627 0.19032462461919392 0.023118303282515944 0.03173866256751635 0.008180433591848968 0.009437794104046965
72 720 0 0 0 0.8045295493501445 0.6574472368900247 0.42297007478212123 0.1861709695669936 0.03307733460280513 0.02884738134826769 0.008171823543655567 -0.006398672957395511
73 730 0 0 0 0.8263539883489331 0.6724625886778075 0.44845032818332453 0.19062419475232933 0.03685561230127595 0.025445452240459375 0.013289257117078413 -0.015108378237662857
74 740 0 0 0 0.8358030152520528 0.693321575366177 0.482196375293927 0.21760454494493892 0.039233133440739434 0.028069338394939764 0.013187590207412706 -0.0035884877319301792
75 750 0 0 0 0.8479618223940515 0.7127927590902716 0.5021203742451957 0.2387332236097112 0.04215620140842322 0.032342934957793196 0.003933191354612403 -0.0014073845952660168
76 760 0 0 0 0.8355140345113802 0.7073782454023583 0.5075866539737709 0.24127364308852067 0.042809573389366196 0.014791830194499478 0.002325113086988868 0.001047501256336587
77 770 0 0 0 0.8392474849229279 0.7170886097456227 0.5139614759087948 0.2574763220600361 0.034768830373139506 0.009089160770359933 -0.0009525766579244472 0.007170262287830709
78 780 0 0 0 0.8588844492511772 0.7411278472101698 0.531574230512687 0.2743425527860367 0.04545584047466261 0.013925369496455085 -0.0013471888391829634 -0.01148389505429903
79 790 0 0 0 0.846794923661814 0.7227303181515247 0.5160123265417553 0.2611828519985188 0.05819411917846868 0.018604544646677778 -0.0017952666779026507 -0.00838259525935549
80 800 0 0 0 0.8534781007128232 0.7260836996389666 0.5278793290803276 0.2842451558546226 0.06822418895952388 0.030341802675382144 -0.00773195972701919 -0.018798273511945865
81 810 0 0 0 0.8678661016928992 0.7626500701416413 0.5806111289365019 0.32784012538891055 0.09438859962138575 0.019852279506263486 -0.01575188878430148 -0.010789406346170578
82 820 0 0 0 0.8790418388041166 0.7878342230304023 0.6240877936353592 0.3769189213543718 0.11305451998865246 0.01986923944737631 -0.021704239707611612 -0.00046287521942144604
83 830 0 0 0 0.8987711790629663 0.8168959454770891 0.6554497258869018 0.4118209400791325 0.1406955656063385 0.0164144820442968 -0.02053397279145623 0.0033167716873194323
84 840 0 0 0 0.885217573280034 0.7989597240429723 0.6292055993542165 0.373731045175544 0.13308060776391054 0.03739801335610366 -0.0068331170147808255 -0.009818720093731305
85 850 0 0 0 0.8887847995715565 0.7895987398518288 0.6206375218241253 0.3721209289414038 0.1318365625579749 0.057521509843477106 0.002962421805470298 -0.038753490754939786
86 860 0 0 0 0.8794017245419371 0.777224135414109 0.6060902643787257 0.3561272769145573 0.128467095898321 0.03255480749509604 -0.001680127786529117 -0.006744659257894484
87 870 0 0 0 0.8957792174636795 0.7890451000343195 0.6360454312005074 0.3983682723176189 0.1553602589837724 0.05215470144066571 0.0035002606596366724 -0.01627301427221655
88 880 0 0 0 0.8926526369011645 0.7863250091843194 0.6159058400006568 0.38456092748623755 0.15536884912605425 0.030464655984312437 0.0018446710131433072 -0.009368633247060679
89 890 0 0 0 0.8986516055816381 0.8029941917429811 0.6252683990653277 0.3968143374514511 0.1508542506885313 0.03834622424692313 0.008911718045418448 -0.008359225594736055
90 900 0 0 0 0.8877210131572159 0.7910911234951767 0.621416990134486 0.3924579356758308 0.151694915732308 0.036000606601925805 0.0040910615125250545 -0.004292054542977913
91 910 0 0 0 0.8893367976614255 0.7948252999073288 0.6472043351224017 0.41159305199907403 0.1573038539728978 0.02993270270585059 -4.93348372300733e-05 -0.005650822347725903
92 920 0 0 0 0.8872712801003803 0.7888635123728722 0.6392596142932834 0.39703126840986624 0.15402749299788696 0.039528888655016636 0.0003101377131738797 -0.010707945676659565
93 930 0 0 0 0.8940552322291496 0.7936063783258677 0.6416345587578365 0.4088138018150909 0.15513106250429243 0.04864013512490178 0.004441281526933413 -0.014944318660708195
94 940 0 0 0 0.8941040031695298 0.8015711377795595 0.6374599718601277 0.41121644980848454 0.1587257674553801 0.04711947515374855 -0.0018054843759085816 -0.011151832497438736
95 950 0 0 0 0.8960466797795736 0.8103664130761253 0.6523831993037524 0.42656493390163225 0.17135143107962708 0.04670544392481619 -0.00456610296871701 -0.00844629383332575
96 960 0 0 0 0.8937230367746798 0.807098578713576 0.6530971073175095 0.4250105631791419 0.16791970945920787 0.04408747514405732 -0.0027869033667584525 -0.013490254416602001
97 970 0 0 0 0.8927198084600815 0.8056132620674281 0.6407105987222373 0.4117996506691372 0.17171935437144906 0.034759347145362135 -0.010123911762166817 -0.013899113328123401
98 980 0 0 0 0.8933586618294665 0.8112414123692506 0.6510029950235391 0.4154531249437623 0.17130249486480004 0.029416080411426453 -8.680308850160176e-05 -0.007967997067648136
99 990 0 0 0 0.8981808553811538 0.8197594365353805 0.6599597026451716 0.4284780760549214 0.1751374666436657 0.027764696105788758 -0.003374913338818225 -0.005445417739548985
100 1000 0 0 0 0.9103222735675942 0.8324620976721062 0.6780798185525487 0.4587427984958747 0.19363505146767082 0.034254332549585646 0.0009379521390438868 -0.0001824666751309243
101 1010 0 0 0 0.9131363169813066 0.8374665089492596 0.6912695866489498 0.47771550421309295 0.20126096091599582 0.039316270524206325 -0.0014972919275859143 -0.00262322918515814
102 1020 0 0 0 0.9228127386715448 0.8496792338199152 0.709225941076545 0.48645028392747214 0.21184987745281478 0.04994211519035383 -0.0031927427794243074 -0.004331788769026551
103 1030 0 0 0 0.9246472440220668 0.8551691611024279 0.7199799072392582 0.5002951544254621 0.2252657793904926 0.0518928775636398 -0.0025292677151074355 -0.0013476854434428874
104 1040 0 0 0 0.921187606108398 0.8620159037356753 0.7242715446325215 0.5109429553556744 0.2527525197954133 0.05468483902174615 -0.002099857293616968 0.0032796607215880833
105 1050 0 0 0 0.927393939924302 0.85527355962611 0.714626078677357 0.5084726953724397 0.24638147437150046 0.0631115772144228 0.010672791419665954 0.01193361691145185
106 1060 0 0 0 0.9312729864213892 0.8621744184959395 0.7271439185763943 0.5243258798398491 0.26935883905880365 0.06747452138161937 0.01040795039828951 -0.002140849330614777
107 1070 0 0 0 0.9270023342695781 0.856408012379252 0.7382472009515358 0.5350134983321464 0.2706007148795036 0.07677083378912496 0.010158564260292841 -0.014043211734201515
108 1080 0 0 0 0.9402636600291832 0.8748419376835299 0.7671033896758572 0.5659956068225476 0.2840935060374132 0.09676177604324389 0.005295097081230695 0.003319261165577698
109 1090 0 0 0 0.931255247806983 0.8588165589204361 0.7292213664139318 0.5308209569884677 0.2831970783124185 0.08988826187147354 0.014966762276959335 -0.0016376213082669117
110 1100 0 0 0 0.9397040852716747 0.8682287268399188 0.7380417238980395 0.540971528464694 0.2916804818155272 0.07624828648258353 0.012014972534472911 -0.0037937343624890618
111 1110 0 0 0 0.9375909009440296 0.8603081886012531 0.7330593929845786 0.5344696884907221 0.29441401750503127 0.07783778931769762 -0.003962411368531258 0.00028539577593698516
112 1120 0 0 0 0.9504898879391888 0.8811087834686591 0.7516265578110143 0.5590079910020642 0.3090193736732261 0.08102276547909298 -0.0023073516252716305 -0.0017283452056377937
113 1130 0 0 0 0.9414546721121072 0.8755104489678139 0.7503114174188196 0.5648699507050527 0.31643561376858426 0.0889652841443676 0.0060824165476185636 0.007793759158030954
114 1140 0 0 0 0.9410141531971677 0.8717877313400599 0.745983789372281 0.561402587095526 0.3196306324666082 0.09781157107151 0.003933259092520657 -0.007961714303277946
115 1150 0 0 0 0.9425330837066065 0.8767189827612638 0.7492021640196644 0.5673641754661717 0.3258924576790127 0.10601525315295214 0.017205322926154634 -0.0014560018784972525
116 1160 0 0 0 0.9475189425320449 0.879312809982479 0.7547493092864015 0.5743416950437934 0.33182194234600515 0.11231383394082715 0.017590643040473215 4.568590867848744e-05
117 1170 0 0 0 0.958057835594822 0.8895933476192679 0.7709959438650297 0.5993923147780974 0.35215556997250924 0.12915352816435344 0.018945847388061775 0.009384068070163726
118 1180 0 0 0 0.9591891341862155 0.8951440195080378 0.7766409965721084 0.6059595135516466 0.37882370257103287 0.14594232228609097 0.02367123142326776 0.0084667244037172
119 1190 0 0 0 0.9595913834534778 0.9045269902821077 0.7992829845135825 0.6248177655294651 0.3835063949522768 0.16467908803752995 0.042768571073831835 0.004208348485048953
120 1200 0 0 0 0.9665110095399283 0.9189075634428083 0.8157821957855911 0.6462076571972136 0.39901857277550534 0.1748667740898673 0.06801593800203413 0.016024789572394577
121 1210 0 0 0 0.9367840004084453 0.8859435665752328 0.7780161980654711 0.6125310725925805 0.3704394149067733 0.15243045671387223 0.0531561406528762 0.008320593553879698
122 1220 0 0 0 0.9299874130778945 0.882610644144987 0.7828846602597611 0.6150502481277436 0.37087331172921384 0.151154954957537 0.05100911244503473 0.02334967872309544
123 1230 0 0 0 0.9231989026147306 0.8810182305989104 0.7835030932401091 0.6056732670935738 0.38589496920383526 0.15220593224134754 0.03466673419456626 -0.004022322032248796
124 1240 0 0 0 0.9522595356923523 0.9057360401487519 0.8052979390328472 0.6367040499046513 0.4061291598629921 0.17063023726311555 0.03853072498843058 -0.006160927130429478
125 1250 0 0 0 0.9571981195753638 0.9278075225234308 0.836255625504057 0.683238057739057 0.44450828608746795 0.1946255203856309 0.047308767750283226 0.0036047569363275925
126 1260 0 0 0 0.9556320629120724 0.9142536831924553 0.8110144901671701 0.6680027670652919 0.4550883490388024 0.21098749136845346 0.027020993135184905 -0.009835734884748691
127 1270 0 0 0 0.9652222271694483 0.9165282373699506 0.8107235878877399 0.6686824081102122 0.4501879889887039 0.21049600179091416 0.0293094629422607 -0.003933295959687051
128 1280 0 0 0 0.9598679338691752 0.9015020064460837 0.8001634657712888 0.6501018596865814 0.44597125383639 0.22004399788165488 0.022773346989491777 -0.014371095046009561
129 1290 0 0 0 0.9494377797690717 0.9089550407089114 0.8216493650878799 0.6661108079167296 0.45307124512434127 0.21504283929019102 0.025211557156146484 -0.024567231997767208
130 1300 0 0 0 0.9502040968273213 0.9119295936166743 0.8254652017726537 0.6782985080638964 0.44849383617330085 0.2100179659863686 0.02492883970935996 -0.01996533971083687
131 1310 0 0 0 0.9504186413141933 0.9090149370206828 0.8270282041819077 0.684067158259992 0.45020164814909946 0.2043459036818941 0.02772645272331497 -0.006014096412688035
132 1320 0 0 0 0.957157876314874 0.910589019424961 0.8256079614066485 0.6831595679683509 0.45194900847069464 0.19825095850598973 0.044157251229423204 0.000358650787763053
133 1330 0 0 0 0.9564988530557043 0.9169089852788781 0.837691106597838 0.69641899719284 0.46820551508969177 0.21213496184072334 0.049794682874646695 -0.000402459386910335
134 1340 0 0 0 0.9571391748127559 0.9187695365147712 0.8412116894887686 0.7040382706032804 0.4803233413797461 0.21638887783983288 0.04988514034673385 -0.0051588274268914
135 1350 0 0 0 0.9526422146822069 0.911885804443236 0.8372505643287201 0.6999716493255217 0.490615042779024 0.234829020995028 0.05278545073714453 -0.008404957865532203
136 1360 0 0 0 0.9532326876515591 0.9171679700172687 0.8445756366873093 0.7163069042879805 0.5058058802055352 0.2495852155554747 0.058229446130634716 -0.012712468330755388
137 1370 0 0 0 0.9613159269529596 0.9270361097164658 0.8591697387564527 0.732402621995455 0.5186939697364238 0.26093676463066134 0.06256313705730805 -0.016178260386984913
138 1380 0 0 0 0.9697447681282774 0.9331539038246746 0.8623695061414283 0.7294122670616388 0.5230408589752451 0.26864935383147137 0.07278790704936956 -0.006190747154845492
139 1390 0 0 0 0.9681379835801458 0.933551663608969 0.8735437691046524 0.74212022084494 0.5381216212986472 0.2707527502700788 0.07511386132309919 -0.00999722499988346
140 1400 0 0 0 0.9727569134870835 0.9361994027456649 0.8632525309170123 0.7340942149073877 0.5284413024049245 0.2666922032552406 0.06860823284702311 -0.008751414581790984
141 1410 0 0 0 0.973295709581546 0.9419998173538077 0.8681707673182593 0.740163740641731 0.5529514611406857 0.29763947187817047 0.0824678163820379 -0.009608384363461949
142 1420 0 0 0 0.975811123746212 0.9450360645904379 0.8678431963803752 0.7509032192969292 0.5707351031036536 0.31897587132591376 0.08341064835917743 -0.0066031426767116305
143 1430 0 0 0 0.9693699768230285 0.9427767296197413 0.8722702895081347 0.7550025091373369 0.571629193903878 0.3122518753678376 0.0883088991905879 0.003423275594960659
144 1440 0 0 0 0.9769603277293327 0.9543230154752871 0.8918619230626607 0.7795178258912513 0.5973062316894634 0.33802572650681934 0.1096440828872755 0.007002081835314491
145 1450 0 0 0 0.9719507080189648 0.9536435085090434 0.8884380663187065 0.776472788765547 0.5992518012774402 0.3442909969435945 0.11244013087509007 0.015794707677623986
146 1460 0 0 0 0.962066016967847 0.9466970428507572 0.8845591206482208 0.7701603675794985 0.5831726892839708 0.32937555006030106 0.10488769042538333 0.01332613649652618
147 1470 0 0 0 0.96985242786033 0.9522429666496453 0.8823674399726165 0.779356141367012 0.6039818097608639 0.3526446243781217 0.11285382704731517 0.009457048901353408
148 1480 0 0 0 0.9698825591467726 0.9577232566988034 0.8902670710556244 0.7920041228560731 0.6156615408016566 0.37416194768437705 0.13466517522212973 0.00935237844771761
149 1490 0 0 0 0.9652787279550717 0.9521150914356719 0.8882934854200149 0.7949156140054521 0.6263516980956207 0.3772370504058639 0.1349282572953547 0.013468657538373674
150 1500 0 0 0 0.9596578210082276 0.9528362438178591 0.8879204018463146 0.7883563207716154 0.612777514224524 0.36664592107206817 0.13693798665291138 0.01117576774553069
151 1510 0 0 0 0.9675181813651441 0.9567227398135139 0.8930330134766222 0.8012272724290225 0.6229395390490444 0.37491495653735074 0.13161735924731832 0.013142344661135674
152 1520 0 0 0 0.9656383923066717 0.953540689850254 0.8873027734942409 0.7990120777489359 0.6257163524903748 0.3788037524078444 0.14016898397582525 0.014651675736650856
153 1530 0 0 0 0.9702457711739119 0.9597130635239483 0.9007037981364526 0.8148585843089302 0.6387045330356064 0.38803120077350906 0.14139012225376704 0.01255747948940531
154 1540 0 0 0 0.9676254736529115 0.9585252474166019 0.9004918076807529 0.8126106780643129 0.6396519556107896 0.38480035515041994 0.1497778333917063 0.014944776679265505
155 1550 0 0 0 0.9683218730728617 0.960549306032915 0.9055925277333289 0.8149017394782512 0.6457854172729774 0.394059264038287 0.15041362798220795 0.02287588637708078
156 1560 0 0 0 0.9731274419443792 0.9638394546122051 0.9056473093153388 0.8210048564127618 0.6552088476139566 0.4136627329848607 0.15690330110655032 0.025027397129441967
157 1570 0 0 0 0.9715135299852146 0.9625233615097825 0.9081153899488039 0.82406201858351 0.6642432221084253 0.4228413993743001 0.1654116513515005 0.024247155909987012
158 1580 0 0 0 0.9732148378044347 0.9622286925444845 0.9089147848181602 0.8295253249315832 0.6737389171910149 0.4373873556404425 0.1712303548489516 0.02515976658217364
159 1590 0 0 0 0.9763226741691978 0.9638342423820087 0.9134938267910624 0.8291593129677187 0.6714144998131611 0.4375704604194291 0.18348680090006583 0.02841622960980148
160 1600 0 0 0 0.9711290681458689 0.9571228949310672 0.911758813477724 0.8283771043649543 0.6775013763415274 0.4444197666822115 0.1888299088054794 0.030573685209474878
161 1610 0 0 0 0.9730206750072298 0.9546390590281925 0.9110077199206926 0.827072013042588 0.6926766202053605 0.4609410834217621 0.20604297354093148 0.037333188659897834
162 1620 0 0 0 0.9722900818137484 0.9519001557824941 0.9100490702983037 0.8265802963854911 0.6911640639418019 0.46027168459610884 0.20616748516108796 0.031088743409931705
163 1630 0 0 0 0.9766080480699797 0.957512223699045 0.916283042252791 0.843504932212456 0.7027050019929834 0.47866768134265497 0.22822659838672843 0.047241409050598385
164 1640 0 0 0 0.9805195281863819 0.9573233044094132 0.9144349467901235 0.8411908438347607 0.7032276454859987 0.482752848012784 0.24035193942731203 0.06014613928027264
165 1650 0 0 0 0.981528457603349 0.9603833187778877 0.9163007887936152 0.8418691839649619 0.7019166160571585 0.47771267661805983 0.24438604589641558 0.05942186993251911
166 1660 0 0 0 0.9775009280713787 0.9549508248902914 0.9047593152247699 0.8273954030282947 0.6890189721029656 0.46525634637873475 0.23397187162116498 0.05980352417368857
167 1670 0 0 0 0.9840178710395052 0.9613486279278227 0.9134146656829193 0.8383844556393604 0.7036689084811563 0.47931696250675276 0.24668751242230136 0.06714185820034518
168 1680 0 0 0 0.987330992549468 0.9699561774145519 0.92466610982506 0.8471666563175355 0.7169784813927342 0.4998223744930485 0.2522745920845481 0.0657128791981502
169 1690 0 0 0 0.9837694543584969 0.9717243189791728 0.9366287193555528 0.8609455050638435 0.7380524174573566 0.5228198980595965 0.27800737790448316 0.06630956344192487
170 1700 0 0 0 0.9840796852164563 0.9756449773704197 0.9329216227765723 0.8548091798906454 0.741380027232045 0.5371980964330271 0.28360226425174107 0.07057017101645
171 1710 0 0 0 0.9834112178067644 0.9734630151393344 0.9351480089499372 0.8549611312218711 0.7448697427507611 0.542973041670589 0.2912550941803022 0.08056471897567005
172 1720 0 0 0 0.9850319341023326 0.9705265221224384 0.9353395133902022 0.8601590377535739 0.7552775738796287 0.5636985576687867 0.3145784015109566 0.09633816394078798
173 1730 0 0 0 0.9796872169980215 0.9656193735839144 0.9290306051164909 0.8504970220107384 0.7428571014530596 0.5506489706075417 0.30427337796360066 0.0857888476745296
174 1740 0 0 0 0.9842706911869689 0.9719868009189204 0.9381802457760323 0.8636899996799704 0.7469690495968754 0.5633491403969872 0.3198423612299923 0.09332066413292214
175 1750 0 0 0 0.9868398359950296 0.9732023392389463 0.9354399471186029 0.8674988192023062 0.7555236635236923 0.5766678198375444 0.3296978711190814 0.10335715478004046
176 1760 0 0 0 0.9853589657182935 0.9709091478310937 0.930179550828506 0.8556056547052795 0.7466239013314251 0.570549804273059 0.33399528606460505 0.10375600462172474
177 1770 0 0 0 0.9858721283929159 0.972795772481049 0.9406870987783256 0.8704295051071065 0.7660485649925421 0.6024023082677966 0.36361735429297287 0.11017699026884006
178 1780 0 0 0 0.9893541753384797 0.9763380532964485 0.937958370084775 0.8751502315322763 0.77630520273935 0.6089783262849123 0.36589104011477563 0.11989906923326853
179 1790 0 0 0 0.9857495191773438 0.9786509409601591 0.944434988910944 0.8823403550470323 0.7845279611171938 0.6230916838017949 0.3874976460954169 0.13185304016927857
180 1800 0 0 0 0.9838295642730517 0.9778860737037683 0.9439832872365649 0.8855429505678052 0.7883395795825189 0.6233100863758041 0.39374519763170057 0.13098954813422473
181 1810 0 0 0 0.9844184533379815 0.9758812813370452 0.9416028426433551 0.8818655183116789 0.7881462107789821 0.6245663993059576 0.3887472505210945 0.13543950437119195
182 1820 0 0 0 0.9848676370875874 0.9735552269662888 0.9430896808716687 0.8941240991396816 0.7920493744481291 0.6333613047969433 0.4024145356587086 0.1442789352860831
183 1830 0 0 0 0.98315279504666 0.9721940835683476 0.945002148525827 0.8943638804928128 0.7993178068297576 0.6443798161733025 0.41612384784859136 0.1575416346338671
184 1840 0 0 0 0.9831611783640436 0.9729115072442187 0.9486629258039464 0.8993706672418359 0.8089787212574644 0.6616777426701579 0.4308453242366177 0.16601459192967521
185 1850 0 0 0 0.9817166447477507 0.9710505739949375 0.9476402194587894 0.8998494273419704 0.8075201950884435 0.662414375459539 0.437425445302573 0.17631990123825003
186 1860 0 0 0 0.9843364833275209 0.9736012463573871 0.9505493182024896 0.9077499011278768 0.818900315904314 0.6760199716422632 0.4473891562405175 0.18529256697527147
187 1870 0 0 0 0.9861535560364346 0.9758088433936399 0.9501396191595214 0.9137636103860539 0.8259784968142413 0.6827051274305627 0.46955829101466573 0.20622376047456756
188 1880 0 0 0 0.988585223914598 0.9787595843566507 0.9573708172855852 0.9251901378790798 0.8445743883118345 0.7140722416985272 0.5003659996723072 0.22527096586433
189 1890 0 0 0 0.9895764478754356 0.9758610682100683 0.9471688530646303 0.90995701691694 0.8254533151597115 0.684825456488867 0.4703107963910942 0.22179517355297032
190 1900 0 0 0 0.9913272408317207 0.975946997822924 0.9510869452460088 0.915662390428197 0.8288798100171798 0.6818620629186067 0.47130190222189605 0.21876002133649988
191 1910 0 0 0 0.9917119589427049 0.9769127593707376 0.9470117032718754 0.9117554169204855 0.8278100895556154 0.693296386487854 0.4883645892567551 0.23202744307755568
192 1920 0 0 0 0.9908301091100954 0.9794206508493197 0.9575383409444999 0.9214234374774324 0.8373403115782518 0.7113653620817862 0.50779341240251 0.24088862070624914
193 1930 0 0 0 0.990369322416383 0.9834554261390868 0.9644999969783297 0.930334266346196 0.8553559814392546 0.7344287589103602 0.5403999868661926 0.2652594934139598
194 1940 0 0 0 0.9899798007501284 0.9799160133357445 0.9599981497199112 0.9275869993543979 0.8543067716284208 0.7274408177347517 0.5259965685226589 0.2675925080864334
195 1950 0 0 0 0.9932679931294687 0.9822346721947475 0.9669778768587292 0.9306777582365732 0.8611145903807292 0.7428660287659259 0.5368395532900014 0.2758537281648366
196 1960 0 0 0 0.9930744928515487 0.9815566135990119 0.9694278441388158 0.9370017627937494 0.8660324532242758 0.7467647977775889 0.5506853425489937 0.30325325633870814
197 1970 0 0 0 0.9947161523057564 0.9854765202071307 0.9739458072520834 0.9448729779898347 0.8745828855794794 0.7644216162178806 0.5803289875267643 0.3302069739101936
198 1980 0 0 0 0.9905704555454611 0.9820293896082237 0.9713460779634191 0.927148914693072 0.8600180911307969 0.7506178946921108 0.5552298008291381 0.31511100620358534
199 1990 0 0 0 0.9926160593617989 0.987027414008552 0.9742497414511815 0.9383987131137824 0.8845341630593573 0.780455807299733 0.5982031505942466 0.3469229667771142
200 2000 0 0 0 0.9920978170394724 0.9898244071832115 0.9824776987427924 0.9489890480883943 0.8985230917612438 0.8025696289546025 0.6389648244644582 0.4064779375658871
201 2010 0 0 0 0.9869546147669098 0.9849562914461518 0.9755705130064646 0.9488737556388008 0.8937269550416248 0.7986403511176229 0.6401548915010008 0.40743468741366273
202 2020 0 0 0 0.9890654312105236 0.986284568113575 0.9709282696246703 0.9445299508027403 0.8904044580604106 0.7971101428955304 0.6288866706849625 0.3918784235596466
203 2030 0 0 0 0.9879696845521387 0.9789107129521402 0.9717398764953329 0.9469631896881638 0.8973490677174225 0.7969393136797431 0.6457163516062614 0.41687718928964607
204 2040 0 0 0 0.988244529743816 0.9791264125447412 0.9754246174877705 0.9550689273492273 0.903751330119014 0.8067824904374421 0.6630825830344704 0.44012929422717245
205 2050 0 0 0 0.9907157273066493 0.9832566308808016 0.9711046640580763 0.9504699905496765 0.8974144775063193 0.8029041072910031 0.6594778713548501 0.43309859753212204
206 2060 0 0 0 0.9957819420911006 0.9897591134489574 0.9782682292701764 0.9616535742802369 0.9106070563045461 0.8273569359827116 0.6839245718069624 0.4585879145654494
207 2070 0 0 0 0.9958791599736455 0.989644404378337 0.9731926131528046 0.9474355904462266 0.8993998427379769 0.8073864436546391 0.6565539688802258 0.4295295004659319
208 2080 0 0 0 0.9992099288881471 0.9923962646918622 0.9814028916380776 0.9590217686597992 0.9147941710799672 0.8246810224533992 0.6842509695142295 0.46724934254639267
209 2090 0 0 0 0.9956081201804541 0.9880171196055494 0.9788897640969255 0.9539558575125671 0.9086477916759559 0.8242221261775524 0.683118287967154 0.46605613782166194
210 2100 0 0 0 0.9968843379298727 0.990015771597345 0.9794454845670987 0.9553365687357048 0.9072103994615377 0.8246487258133708 0.6820266470863404 0.45790220421017613
211 2110 0 0 0 0.9969410306284163 0.9914613548312735 0.9802865602506378 0.9573909557264868 0.9082468635458504 0.8244230590917541 0.6818645677929873 0.45940309174647237
212 2120 0 0 0 0.9951860190194667 0.989183799469332 0.9784857648586187 0.9569118710215376 0.9118905702532645 0.827472989551618 0.6826784094537338 0.46388776620200317
213 2130 0 0 0 0.9945364551550244 0.9907633643742157 0.9798720772356408 0.9598026567273384 0.9175821615663675 0.8345990433951732 0.696516231289272 0.48506366206239254
214 2140 0 0 0 0.9919333630920253 0.9876966834111744 0.9799092293489031 0.9611968950162026 0.9182809811841328 0.8385243194022186 0.7021155182091515 0.4936556370119158
215 2150 0 0 0 0.9930701977758521 0.9881351533020429 0.9828532212461839 0.965361768610037 0.9250614617801378 0.8484760434572185 0.7223182817625664 0.5216828712826561
216 2160 0 0 0 0.9955468955398985 0.9918095577152967 0.9843845750003649 0.970548690867649 0.9311459330126857 0.8584370557531706 0.7376028837100463 0.5426340209266399
217 2170 0 0 0 0.9962996768146138 0.9927906230859975 0.9876188527414848 0.9754644606304822 0.9400978447804968 0.8700777261929886 0.7617286625717311 0.5807274014186359
218 2180 0 0 0 0.9979651239233434 0.9934126910205444 0.989235084275216 0.9740593888560933 0.9381416840955953 0.8742561227144281 0.7615202147980066 0.5752606726420969
219 2190 0 0 0 0.995591066743372 0.9917084162184487 0.9861839377002615 0.9729504153645243 0.9394807922455124 0.8775320043058773 0.772080082316285 0.5901962756383793
220 2200 0 0 0 0.9965743337064514 0.9930510416930343 0.9859829434484232 0.9699792513477649 0.9390285766367086 0.8729831665441673 0.7693714457388023 0.5852135280737294
221 2210 0 0 0 0.995166413008034 0.989855611046288 0.9853579198873554 0.9675612522640111 0.937865939765172 0.8732242246392624 0.7722822342937947 0.5893902324742208
222 2220 0 0 0 0.9921827290124599 0.9878192162196676 0.9845089425330867 0.9671722474915341 0.9371634922489648 0.8762858962652768 0.7705090217792087 0.5898605107262832
223 2230 0 0 0 0.9929900481476224 0.9884734409169451 0.983404782234275 0.9677280171253593 0.9384217450321826 0.8790752675790549 0.7761642741683143 0.5937919952193521
224 2240 0 0 0 0.9925519130433114 0.9889097267486577 0.9846188804678633 0.9689272956964915 0.941785618647245 0.8819391336104475 0.7786122633106037 0.6025954716009302
225 2250 0 0 0 0.9926867902679503 0.9892512411031695 0.9847908708604706 0.9698389508969336 0.9430220057110212 0.8838513653203625 0.7788226869443537 0.6032094412489433
226 2260 0 0 0 0.9952747733537409 0.9908559858670922 0.9859955734248369 0.9715559647248637 0.9432965049778134 0.8855677757836888 0.7799659335520212 0.6046941304372414
227 2270 0 0 0 0.9967563362066377 0.9917988730420237 0.9879485470026718 0.9735844141399391 0.9492410092910128 0.8946918293226238 0.794274825082438 0.6294632263288539
228 2280 0 0 0 0.9965577197009947 0.991185409890416 0.9865466363639547 0.9735061175399318 0.9467682570697028 0.8916191859497248 0.7945807448191746 0.6276908584337022
229 2290 0 0 0 0.9977481246006782 0.9914214796180805 0.9862169907688959 0.975171006576097 0.9483501945874151 0.8956337754305735 0.8007678398786602 0.636697852351913
230 2300 0 0 0 0.9967387185653074 0.9910475462248362 0.9848644271383601 0.9745346410667161 0.9481568148662144 0.8952778147058154 0.802198415220211 0.6420048836258397
231 2310 0 0 0 0.9964576286288994 0.9915655639593137 0.9862788051828264 0.9770622672370232 0.9507268449121776 0.9001034525796571 0.8069611996102284 0.6497243970881036
232 2320 0 0 0 0.9974752970014592 0.993472937720725 0.9868036752392301 0.9769913848285692 0.9524678673117855 0.9019092320959197 0.8117221703794153 0.6604276888535906
233 2330 0 0 0 1.000149351428798 0.9955121107450293 0.9907536267756726 0.9809237114776959 0.9596869199108026 0.9127214297940521 0.8285977028900872 0.6846635777960155
234 2340 0 0 0 1.0006161196219068 0.9958504014922115 0.9920821882699652 0.9825937752065695 0.9633997682124322 0.9201315983055349 0.8432563961711429 0.7099909489372543
235 2350 0 0 0 0.9973366432929249 0.9927771491204229 0.9880519397234143 0.9783628006014526 0.9567876069903838 0.9108676106537006 0.8277226800463611 0.6838556039099283
236 2360 0 0 0 0.9957447383323005 0.9922738443259602 0.988144295501623 0.9784095550192691 0.9566057339585375 0.909056285525502 0.8272573744801088 0.6800632903782179
237 2370 0 0 0 0.9979068765247705 0.9921230684501235 0.9884026887946505 0.9775872567241808 0.957766494842126 0.9144425675065827 0.8384325182172082 0.6994281886490363
238 2380 0 0 0 0.998836287596597 0.9933752165179863 0.9902210954046158 0.9790698042694076 0.9597273350122373 0.9197413797270956 0.848460258617979 0.7147870668114632
239 2390 0 0 0 0.9983321493913763 0.9944861948276034 0.9904952047933956 0.9804075671595364 0.9637267678974436 0.9263677012302957 0.8593988682189555 0.7321409332918376
240 2400 0 0 0 0.9983104925581306 0.9931221467154326 0.9874992305574044 0.9771386395057321 0.9618002626840505 0.9242815928635825 0.855158524362586 0.7289652819580069
241 2410 0 0 0 0.9994959434962942 0.9940274104037284 0.9883914519792001 0.9781668410318571 0.9614878212614603 0.9226421176735775 0.8531734859171587 0.7267549637173292
242 2420 0 0 0 0.9983936657292228 0.9951734299773684 0.990138919453917 0.9815010576886409 0.9652316336891481 0.929634573387053 0.864818929023758 0.7437718086527522
243 2430 0 0 0 0.9988817959259352 0.9961396075473454 0.9916545778192699 0.9836873248743143 0.9685855241518176 0.9352339240225868 0.8742494640551459 0.7598424164931019
244 2440 0 0 0 0.9998525217699049 0.997603414611171 0.9930619439681239 0.9852132401626825 0.9720123205849547 0.9419027107863024 0.8855290846643429 0.7802799775838154
245 2450 0 0 0 1.0003259367577355 0.9972318029268467 0.992410116861531 0.9844678131265816 0.9722974040670941 0.943857012409841 0.8890280875922273 0.7861738598622788
246 2460 0 0 0 1.0005243382081463 0.9975956514281158 0.9932234051993335 0.9857944690213957 0.9734642810850151 0.9449687548233892 0.8906841738335178 0.7898189932821368
247 2470 0 0 0 0.9995731986272993 0.9968809417101969 0.9923089470416364 0.9858014179687392 0.9742647695205773 0.9473631744205999 0.897009970396835 0.8009894485826651
248 2480 0 0 0 0.999684801732174 0.9980363177617217 0.9931136631963127 0.9866248572203477 0.9763451157160752 0.9521207428078308 0.9040917192076092 0.8146212068455886
249 2490 0 0 0 0.999378287390262 0.9966594260138041 0.9922262808467612 0.9854233285261489 0.9731812667647063 0.9474486295477597 0.8976975402120015 0.8041120755599769
250 2500 0 0 0 0.9994057745038424 0.9974092606242413 0.9928287400034326 0.9863494931485592 0.9759928285089011 0.9524407328168105 0.9073726809257954 0.8214603916299292
251 2510 0 0 0 1.000110462603244 0.9981947473257896 0.9933635694754106 0.987972038997405 0.9782342200376136 0.9563564948891704 0.9157028534968781 0.8365780785743328
252 2520 0 0 0 0.9997084147997833 0.998538479163613 0.9941933586324626 0.9889197312580129 0.9793991348446488 0.9591758509473596 0.920103646117257 0.8436367675835433
253 2530 0 0 0 0.9998308313813306 0.9984714448885613 0.9936014258670162 0.9888422493089875 0.9782117639801088 0.9574534289484874 0.9163128517171204 0.8376448909847745
254 2540 0 0 0 0.9996938743631977 0.9993344070775966 0.995032909983443 0.9903136980023787 0.980178531292931 0.9596700421818626 0.9210029210124577 0.8445553977068092
255 2550 0 0 0 0.9996951818968005 1.0002105787818625 0.9961698627391306 0.9925297930639789 0.9854265993055125 0.9692810697485763 0.9385856722357934 0.8777271607463691
256 2560 0 0 0 0.999403899022782 0.9995211664258826 0.9955299514055592 0.9913258747798837 0.9844558352347537 0.9684306755528526 0.9392582844569543 0.8791210080625435
257 2570 0 0 0 0.9996641631155235 0.9992169896654358 0.9959188029953366 0.9918030330023333 0.9848655628321228 0.9697338649379251 0.9404694601375987 0.8812484411399286
258 2580 0 0 0 1.0000793776179289 0.9998431255207502 0.9956005222196799 0.9917739492258736 0.9831695610965041 0.967476849211936 0.9363376653183744 0.8746004056877736
259 2590 0 0 0 0.9993088575002936 0.9995117672019165 0.9956134254153842 0.9917951215529142 0.9834614616030791 0.9675831689511316 0.9369809580678343 0.8777275632273601
260 2600 0 0 0 0.9991051221062445 0.9992386399984126 0.9966812923407643 0.9926655565954906 0.9860700765702288 0.9719703396467894 0.9449558121191906 0.8910734375631298
261 2610 0 0 0 0.9994353030580077 0.9995675547136225 0.997873180718611 0.9945925591626371 0.9894383309392701 0.9779378134656008 0.9546339454085908 0.9093797129654673
262 2620 0 0 0 0.9988313336377836 0.9990318626073237 0.9969990033394975 0.9939144858803931 0.9887519674420514 0.9782662322328208 0.9561329383801664 0.9116406411364265
263 2630 0 0 0 0.9987044925882993 0.999168518251744 0.9972619319183337 0.9934958135869884 0.9875339650071396 0.9755717005319462 0.9510745671897 0.905784210063415
264 2640 0 0 0 0.9984830046208033 0.999211530355572 0.9985707943939143 0.9950014706204494 0.9905863034629381 0.9816505369085545 0.9628493628705868 0.9255712857764941
265 2650 0 0 0 0.9992929800266692 0.9995081969381839 0.9991389369836092 0.9953193927868061 0.9900986924607922 0.9813485499796785 0.9627060073125514 0.9252558796187628
266 2660 0 0 0 0.9989403404763955 0.9993531037440047 0.9988786012077709 0.9956919707501345 0.9897119565084701 0.9796295874426033 0.9583582109306802 0.9181167594656233
267 2670 0 0 0 0.9990422307817741 0.9995115980062279 0.9991806281961624 0.9962159792875184 0.9918427487326512 0.9833709529972084 0.9652722606909032 0.9299494526969537
268 2680 0 0 0 0.9988932359792859 0.9995295331634948 0.9989609006484537 0.9963025900644347 0.9928237949029818 0.9846508594753065 0.9687786658772836 0.9359255164782381
269 2690 0 0 0 0.9992527979594946 0.9988261568742779 0.9979667433074695 0.995441197531742 0.991629603975176 0.9827233907189941 0.9657517630757411 0.9297892433711369
270 2700 0 0 0 0.9993569379065389 0.9992175992496423 0.9987682307415274 0.9967041409743302 0.9930215503835026 0.9857837736298538 0.9718768150058843 0.9414933953449685
271 2710 0 0 0 0.9990862281225653 0.9988064951458092 0.9992107649135245 0.9968067678911992 0.9937168014472025 0.9875156455609821 0.9749427702417045 0.9473959310029714
272 2720 0 0 0 0.999096759605115 0.9994752236568092 0.9991965302589548 0.9974383876601876 0.9952576978266225 0.9897314733910524 0.9798305609015181 0.9573383354827453
273 2730 0 0 0 0.999542017849853 0.9995224436994851 0.9986591793125579 0.9970200005501428 0.9943340975815224 0.9880377014475837 0.9762146894545521 0.952020569197952
274 2740 0 0 0 0.9994503133814026 0.9983685905118896 0.997866732027827 0.9966052487960982 0.9937662067106812 0.9875272863189122 0.9757345593564282 0.9509227124870046
275 2750 0 0 0 0.9989117262073167 0.9989231571034998 0.9983993728667545 0.9975137353184887 0.9950587228420616 0.9895830459119297 0.9790472975626191 0.9577421848714757
276 2760 0 0 0 0.9993451897407192 0.9991908328559742 0.9987982128932058 0.9978092355545474 0.9956247626153606 0.990404151260995 0.9806141623520228 0.9613185328405829
277 2770 0 0 0 0.9995876282951954 0.9992988663676363 0.9990299468973995 0.9984947052751026 0.9965155099979164 0.9928124296468684 0.9851958100365901 0.9701830788507384
278 2780 0 0 0 0.9995341628875075 0.9992572593693634 0.9985106932117039 0.9981544329155471 0.996531354504046 0.9932443769368828 0.9872944679400197 0.9746559820039219
279 2790 0 0 0 0.9997408311806444 0.9993747842061687 0.9989751952558368 0.9985286125062077 0.9982996638565111 0.9958749006150579 0.9919930322221652 0.9844912663672744
280 2800 0 0 0 0.9998370212525991 0.9996388424480777 0.9993839847799655 0.9989946798969846 0.998748456269662 0.9967672392766231 0.9923519114822146 0.984919161780937
281 2810 0 0 0 0.9996037272653991 0.9995118265014165 0.9992830520700814 0.9987649813603053 0.9978849361827121 0.9952323773349473 0.9905954803349597 0.9809472131420738
282 2820 0 0 0 0.999796296764811 0.9995436327779249 0.9993578575646667 0.9990753228552068 0.9988439642112248 0.997300849883014 0.9950179387611635 0.9902322030422771
283 2830 0 0 0 0.999951073940091 0.9995879557857837 0.9995624465081151 0.9995431979304721 0.9994335880805366 0.998146408599937 0.9966107534611102 0.99255008679
284 2840 0 0 0 0.9997269785103652 0.9996349058240204 0.9994613390745013 0.9995243531299901 0.9995858400325851 0.9988456747454766 0.9976287285404027 0.9945907288734803
285 2850 0 0 0 0.9996392612873349 0.9993943122080104 0.9992511268917688 0.999412303372355 0.999061804319113 0.9981793896404921 0.9965162295752995 0.9927012212908922
286 2860 0 0 0 0.999775499008555 0.9995917666318589 0.9994694031851522 0.9995609412653842 0.9992704479315342 0.9985653615216505 0.9973161006693548 0.9947610402757314
287 2870 0 0 0 0.9997315071975674 0.9996886508339141 0.9997130776852171 0.9998349388241333 0.9995809240811315 0.9991469482728118 0.9984376706098894 0.9968190104722287
288 2880 0 0 0 0.9999469583333794 0.9997159476993255 0.9998267620143951 0.9997700140753435 0.9995902616477358 0.9992437519077034 0.9987229145349463 0.9975575308295269
289 2890 0 0 0 0.9999006702132462 0.999676824468784 0.9996705975128009 0.9997766603372675 0.9996686579791669 0.9989761969647147 0.9980714100878547 0.9962144868619348
290 2900 0 0 0 0.9999279185646824 0.9998906278861243 0.999867866938069 0.9999968945319891 1.0000901964651157 0.9995728426349281 0.9991093222849332 0.9984031454542386
291 2910 0 0 0 1.000018904528611 1.0000518436822288 1.0000373833151324 1.0000206352467274 1.0000532399111344 1.0002027262404574 1.0003067949321824 1.0008657728639243
292 2920 0 0 0 0.999967496578078 1.0000749620724918 0.9998568349093976 0.9999200598792818 0.9998606302569895 0.9996757651896498 0.9990905490278571 0.9979187724988008
293 2930 0 0 0 0.9999086908642666 0.9999740579561675 0.9998769291040324 0.9998276846167448 0.9997197293498089 0.9994675715630701 0.998620106313676 0.9970916918533504
294 2940 0 0 0 0.9999318807197267 1.0000845295093297 0.9999485109727103 0.999806153218242 0.9996842801274842 0.9990881120346085 0.9978768427263317 0.9954587599278845
295 2950 0 0 0 0.9998789480796141 0.9999380967616183 0.9998550799561007 0.9996258247808065 0.9994196836203713 0.9986393308280682 0.9972237276833248 0.9944184926484645
296 2960 0 0 0 0.9999206296118789 0.9999772084410167 0.9999244812349297 0.9996416606719275 0.9995443030092442 0.9988933688498622 0.9976879308581554 0.9952250280167776
297 2970 0 0 0 0.9998926791937094 0.9998997059002759 0.9998538067161404 0.999685292704316 0.9994980574584011 0.9990468359484483 0.9981337120407251 0.9962478411475282
298 2980 0 0 0 0.9999369678960599 1.0000006842019635 0.9999106373777503 0.9998382974076125 0.9997705995925737 0.9996711482265483 0.999274216204845 0.9983142827575447
299 2990 0 0 0 1.0000002338632095 1.0000193537094555 0.9998780579699131 0.9998362313392603 0.9995533137735214 0.999256390995201 0.9983364799808545 0.9965766679377941
300 3000 0 0 0 0.9999620001836467 0.9999743701224231 0.9999262978995689 0.9998884727675491 0.9997248934605852 0.9996065318400614 0.9990431975848355 0.9978879789724553
301 3010 0 0 0 0.9999683807019673 0.9999671180198145 0.9999319576290737 0.9999097262701847 0.999797797496928 0.9996990942927142 0.9991671121280912 0.9980800787305951
302 3020 0 0 0 0.9999438355132733 0.9999524025258775 0.999908170322229 0.9998273236521207 0.9997127945585225 0.9995241564035884 0.9988439203861694 0.9975111715513792
303 3030 0 0 0 0.9999892336837684 0.9999964021200862 0.9999499612388407 0.9998483531314285 0.9997125934116896 0.9994903463031256 0.9988442480709686 0.9975905796793235
304 3040 0 0 0 0.9999886381775265 0.9999897154907497 0.9999302003864206 0.9998227782719766 0.9997115341893904 0.9995386359081748 0.9989995488602066 0.9980490500076965
305 3050 0 0 0 1.0000326865162528 1.0000526999095682 1.0000119486202057 0.9999013288781999 0.9998458331535012 0.9997918552147557 0.9995405696142328 0.9990865777785826
306 3060 0 0 0 1.0000141790687909 1.0000233434667514 0.9999878882096142 0.9998963770722412 0.9997941355505274 0.9996300930024421 0.9992396007714771 0.9984150983827172
307 3070 0 0 0 1.0000015857195952 1.0000287077169199 0.9999713334661756 0.9998846858692084 0.999789532526285 0.9995696747070087 0.9991323297367485 0.9981634504197795
308 3080 0 0 0 0.9999974629196644 1.000017383676171 0.9999847238638304 0.9999179026669158 0.9998436723963674 0.9996646898627435 0.9993211512345109 0.9985641805191601
309 3090 0 0 0 0.9999999185332208 1.0000108007756143 1.0000195158969867 0.9999991486181367 0.9999679851519704 0.9999175069016847 0.9998371349555287 0.9996786122243762
310 3100 0 0 0 1.0000055069413107 0.9999988756391239 1.0000321173315976 1.000016665758396 1.000006152000092 0.9999695531181368 0.9999496396525515 0.9998085001437472
311 3110 0 0 0 0.9999960162236264 0.9999866685481211 1.0000257383405524 0.999992124034809 0.9999750439949905 0.999945740238551 0.9998768899287364 0.9996793614934528
312 3120 0 0 0 0.9999792478785389 0.9999992656457531 1.0000280848035508 0.9999918748629194 0.999987805416969 0.9999243530813599 0.9998808767783299 0.999739758881083
313 3130 0 0 0 0.9999743400130012 0.9999819140725124 0.999998358026862 0.9999349127005731 0.9999237820591845 0.9998309950414686 0.9997203979189629 0.9994261143093202
314 3140 0 0 0 0.9999690658922649 0.9999877001954767 0.9999933911846082 0.9999637991822841 0.9999351468937855 0.999843838784187 0.9997635273629528 0.9994982254117482
315 3150 0 0 0 0.9999674638648364 0.9999785164791382 1.0000012796235702 0.9999845288134834 1.000003759227764 0.9999833032229838 1.0000096658131996 0.9999589305680074
316 3160 0 0 0 0.999980249396079 0.9999950691317748 1.0000199184654812 1.0000012957387763 1.0000232543958136 1.0000066079494399 1.0000497471236338 1.000088758902428
317 3170 0 0 0 0.9999947190564563 0.9999997168678222 1.0000032391351958 0.9999953042317768 0.9999907457247746 0.9999701359147778 0.9999771146519505 0.9999187579764705
318 3180 0 0 0 1.0000033280975846 1.000001667478917 0.999999387857482 0.9999901691438033 0.9999803420698936 0.9999553482535418 0.9999463397580448 0.9998773159385886
319 3190 0 0 0 0.9999882596080972 0.9999834197612755 0.9999988484570338 0.9999760748882816 0.9999589739772051 0.9999037643663526 0.9998280078010722 0.9996694867092727
320 3200 0 0 0 0.9999942673621969 0.9999886869682209 0.9999912755136321 0.9999735884161791 0.9999377503359613 0.999888014792736 0.9997783453838006 0.9995446423805004
321 3210 0 0 0 0.9999963827764262 1.0000001599759316 1.0000025609503604 0.9999968155721238 0.9999818308934912 0.9999590124239752 0.9998926236154589 0.99978468801636
322 3220 0 0 0 0.9999970453103061 1.0000015622646523 0.9999912664631467 0.9999794924329077 0.9999679761131497 0.9999325237322951 0.9998209077753095 0.9996304148472114
323 3230 0 0 0 0.9999935372164924 1.0000012402247356 1.000006957566278 0.999988122451877 0.9999823054416729 0.9999592613355142 0.9998979760789162 0.9997909019875307
324 3240 0 0 0 1.0000034601633916 0.9999910545038222 1.0000017094665266 0.9999877136903967 0.9999983987964217 1.0000012105638818 0.9999934074989015 0.9999605452968396
325 3250 0 0 0 1.0000091359509156 0.999996870219867 1.000006865379522 1.0000117077307 1.0000334142571763 1.0000882329405445 1.0001679216165065 1.0003054069753037
326 3260 0 0 0 1.0000063829135188 0.9999951837607884 0.9999978890479054 0.9999917265461269 0.9999844185614882 0.999981976658888 0.999967191136346 0.9999322085968085
327 3270 0 0 0 1.000000164932367 0.9999940975592709 1.0000089373765486 1.0000100362073179 1.000023371482115 1.00004332763629 1.0000910007990265 1.0001905623567986
328 3280 0 0 0 0.9999959762522679 0.9999859617186708 0.9999915530464699 0.9999826502912984 0.99997567037267 0.9999720815736057 0.9999471490068821 0.9998871807269031
329 3290 0 0 0 0.9999876373011247 0.9999858059220664 0.9999930218936565 0.9999904233358117 0.9999798660831299 0.9999612314508071 0.9999260432101305 0.9998568022739268
330 3300 0 0 0 0.9999929520775495 0.9999982554894918 1.0000039266373348 1.000013123466059 1.0000204421826042 1.0000302271450952 1.000054602902587 1.0001152481628188
331 3310 0 0 0 0.9999994930294926 0.9999959378579262 0.9999908567617346 0.9999978075114662 0.9999930330974656 0.9999905269959719 0.9999811381563615 0.999955971690075
332 3320 0 0 0 1.000004713287889 0.9999956119749102 0.9999891816993848 0.9999969924557798 0.9999895542988476 0.9999899015634678 0.9999852913780783 0.9999635830097345
333 3330 0 0 0 1.0000011257846275 0.9999960026905949 0.9999930811120035 0.9999961596883337 0.9999946327990885 0.9999895000214089 0.9999858935699664 0.9999678998204107
334 3340 0 0 0 1.0000007639090216 0.9999962413820267 0.9999944222595828 0.9999913955253658 0.9999872735946118 0.999971795094443 0.9999454499208472 0.9998838123145803
335 3350 0 0 0 1.0000035521426596 0.9999994910275244 0.9999960212124678 0.9999931317838862 0.9999918148940821 0.9999840484336284 0.9999700065970994 0.9999367667648197
336 3360 0 0 0 0.9999979770095015 1.0000016917513712 1.0000024490585901 1.0000056634907455 1.0000122095360042 1.000024144581907 1.000043359275542 1.0000831180659528
337 3370 0 0 0 1.000000486662581 1.00000238058082 1.0000017641085304 1.0000076553508155 1.0000132343127377 1.0000244946694241 1.000048389910798 1.0000912821444434
338 3380 0 0 0 0.9999993083531903 1.0000007640743762 1.0000067334658442 1.00001179846493 1.0000234406038422 1.0000489462292195 1.0000959351776593 1.0001844096566577
339 3390 0 0 0 0.9999969550730046 0.9999997179605236 1.0000012303118624 0.9999989499747405 0.9999979019888734 0.999996715167821 0.9999873109632706 0.9999690498782353
340 3400 0 0 0 0.9999999585655087 1.0000000891696263 0.9999991979585904 0.9999929745466181 0.9999823845089162 0.999970199100305 0.9999367939821413 0.9998691424340983
341 3410 0 0 0 1.0000007445548678 1.0000005993647636 0.9999993954681035 0.9999943734930186 0.9999847041144451 0.9999662986728414 0.9999293417436586 0.9998581182473493
342 3420 0 0 0 1.000000607864656 1.0000016046800504 0.9999980310906214 0.9999951268233482 0.99998550921867 0.9999692076226628 0.9999367177071524 0.9998692508945205
343 3430 0 0 0 0.9999993370826895 0.999999642649359 0.9999996171255408 0.9999956791318833 0.9999901976289154 0.999978344614516 0.9999554175695723 0.9999076767695699
344 3440 0 0 0 0.9999981804554873 0.9999998348397423 0.9999988605787452 0.9999971577669359 0.9999918207967037 0.9999817924141722 0.9999635711886581 0.9999239960286267
345 3450 0 0 0 0.999998971173897 0.9999999675010824 1.0000015330429723 1.0000006009577582 0.9999974553154902 0.999994864141975 0.9999905160231826 0.9999779558386593
346 3460 0 0 0 0.9999992511681052 1.0000007989611261 1.0000012446733688 1.0000008952518593 0.9999990691951922 0.9999961296547776 0.9999918543728136 0.9999792667737444
347 3470 0 0 0 0.9999985408765923 1.0000008888161873 1.0000010481180746 0.9999991053623936 0.9999978280892013 0.9999934204192154 0.9999882570515564 0.9999743851798757
348 3480 0 0 0 0.9999992872368514 1.0000012261452762 1.0000013771075695 1.0000018985368722 1.0000028675396193 1.0000020109771866 1.0000042665026811 1.0000074581045086
349 3490 0 0 0 1.0000000146620498 1.0000008542972858 1.0000029185528485 1.0000030014928947 1.000003712333544 1.000005518142361 1.0000127755313033 1.0000249952146951
350 3500 0 0 0 0.9999998996669155 1.0000005407136816 1.0000022986784234 1.0000026418405557 1.0000028694863685 1.000004302277806 1.000008763994535 1.000016371307553
351 3510 0 0 0 1.0000001113690336 1.0000010598300724 1.0000019134489535 1.0000031403735872 1.0000038046706239 1.0000054456712983 1.0000111773571023 1.000020735732728
352 3520 0 0 0 1.0000001389037276 1.0000019546187926 1.000002519345368 1.0000040605475216 1.0000049915184104 1.000008601079601 1.0000178184680713 1.0000347630851123
353 3530 0 0 0 1.0000008951955623 1.0000018109370004 1.0000020212954128 1.0000032704743544 1.000003109160756 1.0000056927695948 1.0000108772886882 1.0000203213956238
354 3540 0 0 0 0.9999999547547694 1.000000418758661 1.0000012976617376 1.0000018491893683 1.0000029379752187 1.00000554278808 1.0000113343129395 1.0000225398515874
355 3550 0 0 0 0.9999998310869948 1.0000004267773372 1.000000880466753 1.0000008299707457 1.0000010797411003 1.000002200353467 1.0000043672717944 1.00000901116392
356 3560 0 0 0 0.9999998427317802 1.0000002486767232 1.0000000961308728 0.9999998836041577 0.9999995880524423 0.9999991421539616 0.9999976967723812 0.9999955175638751
357 3570 0 0 0 0.9999996963749288 1.0000001863577792 0.9999997436594568 0.9999996921371221 0.999999772801474 0.9999998005769498 1.0000007739342835 1.0000013134814678
358 3580 0 0 0 0.9999999762828208 1.00000048031202 1.0000002432220736 1.0000000781344907 0.9999994609640688 0.9999996953199617 1.0000004506458144 1.0000008911199756
359 3590 0 0 0 0.9999998224018166 1.000000338603537 0.999999718159595 0.9999995152425458 0.9999986858494485 0.99999751741768 0.9999947795494907 0.9999890087355372
360 3600 0 0 0 0.999999613404128 0.9999998891901474 0.9999993514821015 0.9999989547553709 0.999998193582851 0.9999966498936876 0.9999930765829381 0.9999860900699461
361 3610 0 0 0 0.9999999921197469 1.0000001210629688 0.9999997989030676 0.9999999116074088 0.9999997761361351 1.0000005122460507 1.0000008381714909 1.0000015966812255
362 3620 0 0 0 0.9999997121088127 0.9999995714974134 0.9999994274321882 0.9999991755253005 0.9999986917768674 0.9999981874689088 0.9999963372612608 0.9999927708440752
363 3630 0 0 0 1.0000000012694876 1.0000000752575842 1.0000000457972429 1.0000000069950217 1.0000001729101975 1.000000550466025 1.0000011115401224 1.0000019592041234
364 3640 0 0 0 0.9999999676572229 1.000000136695737 1.0000003714030445 1.000000328767693 1.0000004793127883 1.0000006403989674 1.0000013826262575 1.0000024489537211
365 3650 0 0 0 1.0000001727117886 1.0000001879032023 1.0000000503943864 0.9999997255134415 0.9999992928832625 0.9999987360144794 0.999997630222101 0.9999954533139453
366 3660 0 0 0 1.0000000403217801 1.0000003304568887 1.0000000555271598 1.0000000461135292 1.0000002083809287 1.0000007525473673 1.0000017055820694 1.000003763173404
367 3670 0 0 0 1.0000001431822767 1.0000004408956689 1.0000003670247695 1.0000002960273435 1.0000005787449697 1.0000015976003596 1.0000031093063564 1.0000064450600632
368 3680 0 0 0 1.0000000493375212 1.0000000894244625 0.9999999055999147 0.9999996727139796 0.9999996476274029 0.9999996202458395 0.9999995421137369 0.9999993547121723
369 3690 0 0 0 0.9999999866131063 1.0000001196886104 1.0000001813678825 1.000000328220439 1.0000006849047165 1.000001493708411 1.0000031595245749 1.0000065814374248
370 3700 0 0 0 1.0000001904001086 1.0000000868914225 1.0000000007844663 1.0000001180811458 1.0000002722545576 1.0000006201863199 1.000001412476452 1.000002865305449
371 3710 0 0 0 0.999999894295203 0.9999998485327727 0.9999996861842554 0.9999996567778155 0.999999530018466 0.9999991163824631 0.9999984670376315 0.9999970439035938
372 3720 0 0 0 0.9999998875871242 0.9999999317050705 0.9999999253291068 0.9999998066607532 0.9999995753809499 0.9999992901300178 0.9999986179357907 0.9999973601967777
373 3730 0 0 0 0.9999998848926196 0.9999999916259514 0.9999999969844735 1.0000000199687 0.9999998414970295 0.9999998117434963 0.9999997331338615 0.9999995581317169
374 3740 0 0 0 0.9999998772612382 1.0000000255145598 0.9999998902773772 0.9999997930786654 0.9999994672485146 0.9999989511951897 0.9999978484300227 0.9999957274888092
375 3750 0 0 0 0.9999999397363686 1.0000001448536846 1.0000000489762257 1.0000001307085329 1.0000002116485522 1.0000003252998035 1.000000595989515 1.0000010717562697
376 3760 0 0 0 0.9999998802982869 0.9999999542675007 0.9999998618742811 0.9999999867551924 0.9999999361382169 0.9999997216100275 0.9999993343672344 0.9999986444134185
377 3770 0 0 0 0.9999999677053887 1.0000000694064597 0.9999999769900754 1.0000000082352016 0.9999998300933524 0.9999995847054466 0.9999990894485619 0.9999981021717675
378 3780 0 0 0 0.9999999647477665 1.0000000550001427 1.0000000224903884 0.9999999988269814 0.9999998774291436 0.9999997449763768 0.9999995006012105 0.9999989871116768
379 3790 0 0 0 0.999999960039044 1.0000000511863583 1.0000000897931296 1.0000000689783555 1.0000001427825151 1.0000002963007453 1.0000006083854354 1.0000012318750564
380 3800 0 0 0 0.9999999755300962 1.0000000766132122 1.0000000772315585 1.0000000490015186 1.0000001570816541 1.0000003330297234 1.0000007260032975 1.0000013993842405
381 3810 0 0 0 0.9999999922206205 1.0000000963907578 1.000000046821908 0.999999981181004 1.0000000317769049 1.0000000597615357 1.000000143588292 1.0000002514713817
382 3820 0 0 0 1.000000077597743 1.000000077550066 1.000000018891255 0.999999980542668 1.0000000005371021 1.000000020044818 1.0000000944165746 1.0000000847275372
383 3830 0 0 0 1.000000036759216 1.0000000104401674 1.0000000041572128 1.0000000501314539 1.0000001489767607 1.0000002638305754 1.000000559181711 1.0000010893975926
384 3840 0 0 0 1.0000000176172348 1.0000000346993707 1.00000000125333 1.0000000076879585 1.000000086078409 1.0000001180896212 1.000000246306146 1.000000503643633
385 3850 0 0 0 1.0000000267800198 1.0000000104343778 0.9999999487543293 0.9999999820603147 1.0000000746033066 1.0000001018890448 1.0000002415171352 1.0000004640368063
386 3860 0 0 0 1.0000000324561853 0.999999999081262 0.9999999606237236 1.0000000340426654 1.0000001548705526 1.0000002451392294 1.0000004816366421 1.000000984181171
387 3870 0 0 0 1.0000000100026065 0.9999999949343871 1.0000000050745284 0.999999987986678 1.0000001050355314 1.0000001810359649 1.0000003482291753 1.0000008148689612
388 3880 0 0 0 1.0000000565714653 1.0000000333312578 1.0000000400013094 1.0000000187167128 1.0000001635157634 1.0000002650527553 1.0000005053791667 1.0000010770025367
389 3890 0 0 0 1.0000000404049751 1.0000000342413586 1.0000000548707921 1.000000028656295 1.0000001295387668 1.000000217605698 1.0000003626972098 1.000000785235957
390 3900 0 0 0 1.0000000118206476 1.0000000276720729 1.0000000238431843 0.9999999863471276 1.0000000489684047 0.9999999826396376 0.9999999127253374 0.999999861312277
391 3910 0 0 0 0.9999999882408813 0.9999999874855543 1.0000000185542202 0.9999999802552644 1.0000000458562583 0.9999999835715753 0.9999998981051841 0.999999847296063
392 3920 0 0 0 0.9999999998979323 0.9999999900368871 1.0000000184779059 0.9999999715242496 1.0000000255871322 1.0000000020985398 0.9999999411382262 0.9999999609429028
393 3930 0 0 0 1.0000000052726854 0.9999999852815914 0.9999999787138857 0.9999999702451317 1.000000000655582 1.000000012003008 0.9999999854309563 1.0000000529338975
394 3940 0 0 0 1.000000003574019 1.000000013579225 1.0000000184898166 1.0000000234614947 1.0000000715869066 1.0000001707363613 1.0000003173939556 1.000000710722117
395 3950 0 0 0 0.9999999985510329 1.0000000171414167 1.0000000050692683 0.9999999882658891 1.0000000011565178 1.0000000184210731 1.000000039558419 1.0000001085091152
396 3960 0 0 0 0.9999999895515194 0.9999999976241358 0.999999986816399 0.999999985050275 1.0000000167381924 1.0000000129964444 1.0000000285024253 1.0000000326347827
397 3970 0 0 0 0.9999999917675791 0.9999999815486484 0.9999999869988735 0.9999999880790787 1.0000000008741208 0.9999999997686879 1.0000000089300431 0.9999999685563553
398 3980 0 0 0 0.9999999703220729 0.9999999667434598 0.9999999855986772 0.9999999682812893 0.9999999879576621 0.9999999614081987 0.9999999370797183 0.999999838037136
399 3990 0 0 0 0.9999999763572626 0.9999999740049716 1.000000015617338 1.0000000234954576 1.0000000743955992 1.0000001393160491 1.0000003056097009 1.0000005970433274
400 4000 0 0 0 1.0000000078064515 0.9999999757300143 1.0000000083376315 1.0000000403733555 1.000000116427318 1.0000002248764686 1.0000004746940696 1.0000009515174826
401 4010 0 0 0 0.9999999913796376 0.9999999795632003 0.999999989493874 1.0000000145903096 1.0000000505130286 1.0000001030924934 1.0000002327883801 1.0000004466019985
402 4020 0 0 0 0.9999999700342149 0.999999962209604 0.9999999604681087 0.9999999646189238 0.9999999786749448 0.9999999341667977 0.9999998882565443 0.9999997555005172
403 4030 0 0 0 0.9999999896000655 0.9999999797368483 0.9999999876863269 0.9999999928823889 1.0000000097604258 1.0000000139824095 1.0000000413061874 1.0000000863276541
404 4040 0 0 0 0.9999999960848529 0.9999999971954204 1.000000001278183 0.9999999965521766 1.0000000135940548 1.0000000279460695 1.000000057642197 1.000000121488156
405 4050 0 0 0 1.0000000009353354 0.99999999279132 1.0000000008594137 1.0000000060577063 1.0000000088660814 0.9999999892284352 0.9999999702907587 0.9999999617361648
406 4060 0 0 0 1.0000000070940418 1.0000000024800095 1.0000000127831998 1.0000000211634723 1.0000000358533936 1.000000033504345 1.000000054029724 1.0000001115769104
407 4070 0 0 0 1.0000000124772426 0.999999999031264 1.000000021321342 1.000000035152706 1.0000000616618183 1.0000001059191486 1.0000002144394688 1.0000004420602826
408 4080 0 0 0 1.0000000076874893 0.9999999947869699 1.0000000182567974 1.000000025669716 1.000000038826302 1.0000000753912137 1.0000001507673786 1.0000003292821147
409 4090 0 0 0 0.999999998726004 0.9999999896356518 1.0000000204268011 1.0000000378467955 1.0000000654554593 1.0000001241365475 1.0000002432277832 1.0000004893639958
410 4100 0 0 0 1.0000000001757043 0.9999999882659888 1.0000000101734263 1.0000000318685995 1.000000065392179 1.0000001348121084 1.0000002650981175 1.0000005444671523
411 4110 0 0 0 1.0000000087609227 0.9999999981400545 1.0000000189175213 1.0000000369523947 1.0000000698377527 1.0000001453804475 1.0000002930200385 1.0000005975092523
