% # columns="iter, evals, sigma, 0, fitness, xbest" seed=1036562, Wed Dec  8 15:42:40 2021, <python>{}</python>
1 10 0.43978683975715704 0 64.90793150482102 -0.642690610376508 0.17182491218575907 0.29458769577098987 -0.21370444154261045 0.21451857839990185 0.5244576170170173 0.5164819127696024 0.04243586807085067
2 20 0.4173182356373441 0 92.25935097318006 -0.6746262540631368 0.82938386845131 0.3026186093369989 -0.5278784780090007 0.5127315831026573 0.4772062072570416 0.43877540726246733 -0.00824163908989673
3 30 0.37474486064458956 0 48.43103587167813 -0.22080625286901204 0.48466322480187407 0.28942971126965583 -0.273270603761246 0.18452163848053083 0.29078200631392304 0.2560117962357734 0.044763520796547523
4 40 0.3455923702499935 0 86.61347867041285 -0.7021295262953211 0.23792663144813894 0.24456962916005018 0.01268690171576127 0.050112130853954884 0.7280378534100489 0.45233508862731137 -0.20234626526829422
5 50 0.32365387449166005 0 77.5587251559947 -0.16410228670695065 0.29783285917641655 -0.07298643356188583 -0.3728559307739522 -0.2628231529353876 0.4443783289841094 -0.1050715695445012 0.25410473119668503
6 60 0.30178294047266124 0 51.80916899011911 -0.26230159082989724 0.39754561010755457 -0.015328909049582631 -0.22778864492326784 0.2403581636956451 0.1344365851417474 -0.37482189394517884 -0.0942228534165791
7 70 0.31741120915375914 0 35.285732541537 0.445365096992595 0.15116357367025196 -0.23458950814199767 0.05551022014221858 0.004556187723257471 -0.3438303912177835 -0.17383860191345057 0.0982681805377771
8 80 0.32354730543363913 0 33.38146859300801 0.38979730826386916 -0.14989273222180016 0.07400742043454156 -0.024678901218195957 -0.38210422519351883 0.14039078178712852 -0.11345335414816579 0.011456905884901225
9 90 0.2992522968875109 0 39.46556702488476 0.1940813601600159 0.048612593408770444 0.09190910000367367 -0.07269265928666052 0.18912439864932776 0.0856305918543649 -0.005971667111679263 0.532124108636916
10 100 0.3060854873787409 0 18.373705941911435 0.4516386560970031 0.13493222149756345 0.030701805800953698 0.0864254057981361 -0.17703048499173624 -0.1537524508871965 0.2021425729654155 -0.05701888658370574
11 110 0.28544992623152776 0 38.88248822823535 0.5755055568638842 0.13272515865075768 0.05894843471006693 -0.030987227246178334 -0.30191402289455194 -0.040503592913945646 -0.37135735755219806 -0.013583956926227006
12 120 0.2820821333476794 0 35.4506916959733 0.45890413481544207 0.26497998458293215 0.2676706022720832 -0.2233428759534134 -0.2021773751682004 -0.045887579746963524 -0.2352484171906591 -0.11446176694682368
13 130 0.2562653606844123 0 37.18944189372104 0.7966795458526466 0.2647855287951783 0.02427435586697449 0.029626736062544984 -0.35318996223938515 -0.020826565527838375 -0.04831675673508145 0.13910598442018696
14 140 0.22759326663281468 0 13.42516627089799 0.5374036744086654 0.2564605074756215 0.1830876005382708 -0.1963937385358281 0.03045854289075109 0.034972035247641794 -0.07371974146235079 0.0344775841345218
15 150 0.19834450425241984 0 17.30721871051547 0.3787833131566486 0.17578465752310818 -0.10296404441274365 0.04690816384657237 0.15166177399046357 0.2315046302627401 -0.11414490308977203 0.05077009415606081
16 160 0.19615384491112353 0 14.584981723302565 -0.023250080229832604 0.1023186210784796 -0.07819612525374584 -0.1069051037762172 -0.14788897722673536 -0.07923832313304857 -0.00042636634809872787 0.044352156838220996
17 170 0.17234171510141194 0 12.0299525460326 0.43068839473195003 0.12156498960482591 0.1470742786586964 0.01358141366219108 -0.09206021103596336 0.09654859859874874 -0.09211574393840107 -0.10156970030090881
18 180 0.16150098907848937 0 10.542748095461784 0.19097794711838623 -0.008850817999303345 0.03439199839099337 0.01096890984069052 -0.03528657278180041 0.18249987060099765 -0.02287057181509046 0.03435577132648059
19 190 0.15666479722260718 0 8.85474798371505 0.1285134641005505 0.08818456927916507 0.11301030455169286 -0.014375222731091371 0.01392273566054273 0.025888765693145466 -0.008439714412721629 0.08504570289879018
20 200 0.14053709304301765 0 11.102961739913576 0.3852734220986733 0.14968674163202417 0.05236531876993664 -0.19160334044166646 -0.0054705646275945655 -0.032076399848217585 -0.051757361053767804 0.030097804595202247
21 210 0.128297504569512 0 9.748507483722937 -0.0106442270725704 0.030923947958694034 0.14501150893611314 -0.009665864817747616 0.0009944976854959087 -0.03850037529182939 0.03809685992189597 0.07138713583770658
22 220 0.12643473908151012 0 11.110223105255681 -0.016438669407148332 0.05543671038600252 0.07266839777815286 0.08359486414814285 0.09073331658611727 0.07854606433313309 0.10774197524353181 0.12924122257235482
23 230 0.1270914293805584 0 9.980607230528356 0.2792412264219637 0.02728231169943006 -0.02733430813973163 0.095667225995434 -0.0610618305232182 -0.06689381332047839 -0.00765804282770341 0.10583829796308991
24 240 0.11719566715278422 0 10.967911726918178 0.06428814281145526 0.09675292346789069 0.059765136853907 -0.07065532833769753 -0.07195704141463323 -0.04217871064502832 0.1336194566081927 -0.002850967109131436
25 250 0.10594808876257351 0 9.42757534374102 0.3039912696292375 0.20562375277142253 -0.048736319893226895 0.011074736561922757 -0.0813340882050001 0.0681349602251704 0.026336413023401742 -0.019766017051243038
26 260 0.10629917813831193 0 11.404827484167262 0.34872730061958707 0.12413064221233075 0.026457999381073058 0.117856177504454 -0.1425581252100161 -0.05880721137502615 0.08391606669640057 0.04100285051118546
27 270 0.09667692813232939 0 8.56494783096046 0.2702887180963702 0.10194929608366747 -0.030703776874806833 0.08529313249597524 -0.039299737217917616 -0.008692560708814315 0.06205878052915672 0.0918356105883007
28 280 0.09737067840942687 0 8.88356089969896 0.4388791172415405 0.11201491985105759 -0.06165176297594722 0.072995762735895 0.09204617758385965 -0.004695015694743822 0.04986396285584277 0.06252462281417392
29 290 0.09179297241042164 0 8.527365321624849 0.4082986247654114 0.17360113273101194 0.059713380119389425 0.1293562364668082 -0.05663921589567379 -0.023132190629376534 0.053848936016637594 0.05056043036381698
30 300 0.08132054979904134 0 8.213351920473812 0.44261950005168255 0.185230181282885 -0.01498842658558213 0.11447289176641584 -0.04852552595256728 0.028325178201370798 0.010660193598151006 0.062195993306589085
31 310 0.07854992727149487 0 8.457256409090757 0.4313954700796709 0.13635750142378233 -0.01345614085129234 0.1108003850901121 -0.0415981586208958 0.02816556793841924 -0.013693280763878626 0.07491260337210395
32 320 0.07689672457411782 0 7.147212888248482 0.5133388862605667 0.23387899211027244 0.05447708766827496 0.10141945981427046 -0.04073671565384726 0.03007189086742574 -0.018620890089583335 0.03558739543632444
33 330 0.07731509970450379 0 6.47834983710295 0.5205317066057654 0.26816080698240685 0.06238137853733544 0.07298953106135854 -0.004096309032023578 -0.0055075478760455085 0.01910632757040564 0.06799276871489202
34 340 0.07836222179456306 0 6.362783872447485 0.5872662220254167 0.33534520895861414 0.1131814559987476 0.03332449040266857 0.014755743164231394 -0.01265878683152862 -0.03322868365324209 0.08874555074409304
35 350 0.07938041488876704 0 5.903317487472009 0.6039943233102014 0.3333283269897207 0.07690689212651226 0.04852244867565919 0.03794215535569649 -0.0006474882465110354 -0.01513097187816817 0.020153117293831676
36 360 0.07686001690809931 0 6.292072921375141 0.6387733993730751 0.3595012877014752 0.1153080836130487 0.037894406883630515 0.054016033619892725 -0.027372185844257175 -0.04223540683130185 0.03892781503618718
37 370 0.07680663976815792 0 5.659110241411241 0.6679150617362719 0.4066621055712293 0.2001257887757641 0.04759342966399627 0.0215052497378624 -0.01684374894465884 -0.045178864616667355 0.012215467415666148
38 380 0.06908942318511532 0 7.791458502837722 0.5588518544956527 0.37863577330764586 0.0513158814352032 -0.017564577546806327 0.08228786479921092 0.018117669027910406 0.02997196482403562 0.06626812397119798
39 390 0.06116139042242739 0 5.548906211372256 0.6249734851532165 0.3501249576769828 0.13310809413659003 0.05025399028907784 0.018834503801812057 0.01873979022904568 -0.0172471422640331 0.00033179504851654773
40 400 0.057915664220898576 0 5.857213050372215 0.558223719535147 0.32369188894351975 0.08682463140183423 0.06512384033822513 0.024652920919153457 0.01238268993606981 -0.02410735781201572 -0.01629384375218162
41 410 0.05243030909778428 0 5.766143457691434 0.5567167720241192 0.3293431798863219 0.10786631431260987 0.037501631665862546 -0.019682113838184752 0.02471866927484919 -0.02667717356251707 0.027133432507410703
42 420 0.04522908401726276 0 5.618586289122038 0.5977126995149141 0.3714442396467367 0.10899649130335488 0.050619246727460133 0.018338172236390563 -0.009744591829650588 -0.018658539056855016 -0.014208202853763403
43 430 0.04003302113801016 0 5.667143008945027 0.5887625276648604 0.35036977822679816 0.1137065713120464 0.048865365015585825 0.0159262246945493 0.010761571383131729 -0.03040920078572768 0.03495755951819167
44 440 0.039216432691245924 0 5.481263665774347 0.6264215580382649 0.4086241873472982 0.1684478644977099 0.04322644918408582 0.06494859530827517 -0.002936649430940779 -0.013746208815650042 0.008353320435600855
45 450 0.0332637111835058 0 5.502779368949522 0.5900598497943074 0.3735418223769416 0.13791442677966673 0.06212658198231794 0.02543296003567881 0.02013089784269246 -0.0180634269211124 -0.006033058809371295
46 460 0.033298195515875165 0 5.278238202563219 0.6457710016585739 0.4215737830308177 0.16740767312677085 0.05959930545197175 0.04197636431423929 -0.007465841380442957 -0.008537686339964882 0.0122068836332157
47 470 0.03274319483447722 0 5.185458855869518 0.6300618016624623 0.4162702998523625 0.16599469579672457 0.048272975475709676 0.02198597979954335 0.016765790308169253 -0.00969344979973027 -0.005582680235699673
48 480 0.031102854731544557 0 5.231850898862297 0.6325284235927144 0.4342709029919401 0.18949077053919772 0.060977640026975775 0.02181035836953161 0.00851695455900298 -0.013382720066203302 0.018667646881340476
49 490 0.028596195130626913 0 5.145107056441735 0.631572743364509 0.41432308287877806 0.17464724549457372 0.0492244920607023 0.020429376410122508 0.0037621679424067883 -0.007596884989940954 0.012204606656477891
50 500 0.026936529242267596 0 5.062398132503853 0.6675095448097803 0.4512115561658001 0.19187008972862946 0.03897515948172076 0.026714570776766894 0.02124087263801214 -0.012441468038582114 0.006569018500162213
51 510 0.027714839103815697 0 4.96437824788882 0.6779581782785981 0.46274962986251855 0.21920891602061648 0.04956601508681049 0.007716689203517209 0.013378575185600886 -0.017694174374333172 -0.009222627709726296
52 520 0.030457616807563013 0 4.941742681060826 0.6914514554169077 0.47244320174489207 0.23803291951910663 0.051331408447454936 0.017528038026387062 0.02137050076502999 -0.017599204605378053 0.004777960725903156
53 530 0.03234406815119075 0 4.8860472211192185 0.6983892980037664 0.5032935331330407 0.2477111824518622 0.06030540901737809 0.02353761388212866 0.018569152714438635 -0.02016312025018105 0.0025385894795821092
54 540 0.03190116134354757 0 4.829387669302656 0.7005069310103932 0.5029218093962591 0.2501131860829719 0.0682137431631154 0.021219594602853647 -0.003963683571823818 -0.006071887470418708 -0.017826021959633724
55 550 0.030417644555962357 0 4.88964160871373 0.6873079857861695 0.503000877565001 0.25111944524394647 0.06661019115940651 0.016609477828696647 -0.012300590162676452 0.0033282453039779926 0.002667464037640132
56 560 0.028850487258742452 0 4.7717515299029785 0.7157861746443145 0.520995667300172 0.2813948947696789 0.06492585536816 0.004063826618421085 -0.00438023623320674 -0.007993291002755271 -0.008868429721362564
57 570 0.028897003287930115 0 4.723230735166615 0.7331305612992246 0.5588538597804403 0.2932852745697847 0.07584426140304515 0.023748744431923933 -0.0032916181326652486 0.0064521259925743105 -0.016334875617275462
58 580 0.029805769206006208 0 4.728940390605784 0.7395940954447443 0.5744788851471505 0.317474395215602 0.07572236375702333 0.010657257383578624 0.01523607928672736 -0.0011557536175815417 -0.017164964324440903
59 590 0.031901461023714814 0 4.6355060194430875 0.7377120993796198 0.5567482089578843 0.31147118336171625 0.08527982197103828 0.01565923203427725 0.020223840994075457 0.007208376346804477 -0.025180199986038654
60 600 0.03561121996636457 0 4.544271657288694 0.7702545177939338 0.603874840960136 0.36297880697526425 0.10082003938395154 0.02845729368282661 0.006237853371217808 0.025905563996826357 -0.016488547455934043
61 610 0.038647208075743386 0 4.588090815468778 0.7322286597261252 0.5496918040319929 0.316420631364057 0.10508528937210458 0.027611047570947567 0.03367287761441109 0.013853666051221108 0.0026310242206716503
62 620 0.04044406427064723 0 4.5676633874944805 0.7662372991519409 0.5985739869000088 0.33337653881826473 0.11440327384928808 0.030879755090012256 0.0385564011725426 0.017887156797830716 -0.01342297670659292
63 630 0.04204883960984049 0 4.567290405397426 0.7894376390546329 0.6198764966507152 0.34627040518750146 0.13568163697203844 0.040526693623755196 0.025958777842191336 0.01712528468029132 -0.024870851902600837
64 640 0.049031544380514526 0 4.5324122623158924 0.8322225171469813 0.6633938176768743 0.454080440805064 0.17353007368530374 0.0014551933063410884 0.038942898403948406 0.00289124353466959 -0.022235823300766087
65 650 0.053509808771531775 0 4.36889071748851 0.8300590162323225 0.670770759550039 0.4403509992375555 0.18447686974560662 0.03236758523564519 0.05277642738795754 -0.003350469623004117 -0.03001319160495107
66 660 0.049981211279703334 0 4.453661631025922 0.8034097659419844 0.650723788881128 0.41349500018354857 0.12922592763487983 0.04967116251657025 0.015638929412300072 0.01176798662516951 -0.01241822779463141
67 670 0.04370892634055243 0 4.307854691160431 0.8183685729644995 0.6652130005544037 0.4336205595176781 0.157352253585937 0.024920879842662516 0.03894502962946848 -0.0019313957093546885 -0.003964937011128452
68 680 0.0425206127587738 0 4.227183220451861 0.8537959337817617 0.6950821199226765 0.4652359020591107 0.20002590016470767 0.02958219453066067 0.03531157432007731 0.025840289707983792 -0.0035788542755967566
69 690 0.03737015964116286 0 4.31894323127888 0.7912389632934932 0.6214392167221968 0.3787521828618089 0.1290197711497617 0.022343212633975634 0.018744409727451727 0.0003341092291322609 0.006680502242632882
70 700 0.036583520504481666 0 4.22519565573515 0.806711674891869 0.6633871876354315 0.41333471513938114 0.1710432307441923 0.018637194101107934 0.014965919465020702 0.010277928201725569 -0.0007858170141884623
71 710 0.04009793850738546 0 4.099944425265251 0.8162566825495128 0.6788437547243824 0.4541467533518704 0.21718304204849653 0.0280202155683925 0.031042115212296252 0.019734406426302004 0.01137719887444211
72 720 0.03821255373662483 0 4.1879150070025455 0.7954212139448807 0.63507851875992 0.40138790429593624 0.17518713145672637 0.031274147414018016 0.025554674375587547 -0.0013067464551142806 0.00456336091570557
73 730 0.03628067326440444 0 4.169856951082897 0.8412180994632594 0.6792441325353078 0.4672961047567415 0.20637322383825257 0.03724029117994496 0.03407121737727972 0.015782601263274992 -0.026189372759268772
74 740 0.03682480786333494 0 4.017480565445048 0.8254417233833546 0.6775484273841692 0.46502585848225647 0.21225542988342275 0.046497372959407764 0.038025294122838504 -0.002244128913314181 0.002159257828954292
75 750 0.03845782768816497 0 3.9630871850739 0.8474474514719423 0.7073490227171835 0.48952287433632025 0.23026895798490746 0.04247137450164148 0.03488695769647331 0.0027237395309010707 -0.0072339380921907625
76 760 0.041811461458341345 0 3.8692393823809654 0.8493073299999356 0.7243936940386333 0.531491733209935 0.2617363067856841 0.04553484527601072 0.021559682442147735 0.0014019939755806963 0.003360630292897114
77 770 0.04345075691688589 0 3.9340047659484587 0.8524419459793148 0.7179215316373998 0.5160584981219157 0.27289221944858455 0.036099939185038295 0.011925667430631613 0.0042491709422303936 0.002604439756748618
78 780 0.044666902120766044 0 3.940831447075018 0.8622600322201368 0.7488885472476373 0.5258634122826236 0.2899511425593812 0.05653036679250882 0.00791365102647904 0.0018846201281515935 -0.019387061209098985
79 790 0.04167003800146913 0 3.785954262581023 0.8553160193312954 0.7288690122535766 0.5352800561850053 0.2664470144024884 0.06232361898184205 0.027248346848385348 -0.002836192727819278 -0.0015145917857356736
80 800 0.044142870267869394 0 3.854733146063631 0.8604689806560113 0.7315169028568503 0.525401342665434 0.30308833947620395 0.0769058502683352 0.025977803808292628 -0.008441783344377915 -0.026960399101112226
81 810 0.05212552632029658 0 3.644348675380467 0.8763827186589725 0.7810505089823434 0.6009452504279269 0.3443888711814768 0.10311656857707693 0.006012537780490226 -0.025942478756454425 -0.0009235118922303748
82 820 0.06270333418460636 0 3.5404053735179524 0.8857455122999442 0.8068073928797639 0.6516505861147712 0.41418317405414407 0.13174789279813282 0.018462443056882508 -0.020792654206249248 0.005384944722167063
83 830 0.07335816509676879 0 3.6718759697928585 0.9028677003547217 0.8451802912476994 0.6793942224487727 0.4328288304865656 0.15390982042004409 0.004387516172694008 -0.008720654841540802 0.019560481854544023
84 840 0.07137521227905419 0 3.67174878247135 0.8983940258904649 0.8210002802211921 0.6777308387562508 0.40822832564769346 0.12760296239806007 0.03586789762232381 0.018972869496170823 -0.013243459438615804
85 850 0.07093583626156551 0 3.816810268256584 0.8836611291383499 0.7786006699790182 0.6027653377687827 0.3690387811681275 0.15552787810722912 0.05842253217055965 -0.00763226706732599 -0.06409546272260624
86 860 0.06103590122865736 0 3.577900528017497 0.884370774154051 0.7980286448304795 0.6255081024340239 0.3499875346022647 0.11418816743143481 0.017859102368734406 0.013939112109058346 0.005750067290675308
87 870 0.05982930472061305 0 3.3942865964197266 0.9122588490715708 0.8225294579927754 0.6795229677120317 0.42548135152442373 0.16590782993698033 0.056752332054050225 0.0029223964937766037 -0.03042129529281642
88 880 0.055471173215080605 0 3.279419203078546 0.8952813926282444 0.7844588328928945 0.6136481025786451 0.40104958068696056 0.16754444492331366 0.038662919567510515 0.0050666172771241256 -0.0023465725155072566
89 890 0.05052034201364244 0 3.2397016698687766 0.8955773902065924 0.7991554293979242 0.6254722424915723 0.4002157305175526 0.16140184199328034 0.04287595984475021 0.005687928136838756 -0.015526401603253612
90 900 0.042463828057352916 0 3.300942884429495 0.8915046720895186 0.7866960913302303 0.6287101845724751 0.4071534002800866 0.15344361126475156 0.043169721471354845 -0.010888139824500565 -0.0002202943967955888
91 910 0.04177384951311195 0 3.3903024715299352 0.9028343703940694 0.8123191038210985 0.6832607948146817 0.4621855101423651 0.17341493673275604 0.014786835422655603 -0.016177977391005488 0.0004968744515913975
92 920 0.03725344655807443 0 3.320760974125281 0.884349548594588 0.7801482510016361 0.6319489572248856 0.4000475244609035 0.1562626362644087 0.03784560751818582 -0.006016314861757581 -0.018443747632507675
93 930 0.03306997268616724 0 3.318915504302705 0.9042590793906636 0.7997791752687442 0.6497853492143602 0.4253875431728728 0.16850554083230693 0.06738357959705747 0.008206182484244522 -0.024390467627569527
94 940 0.031159511054413377 0 3.3065944514047976 0.8912615634437093 0.7922993622219574 0.6136542978859132 0.39437722788649077 0.16193136059516117 0.039475343438977586 -0.00022024469360865107 -0.019038597363697975
95 950 0.030488390167281415 0 3.1533073028458767 0.8894961711738576 0.8087790149378118 0.650800605810232 0.43047428350701555 0.18016725901453334 0.041498947793139056 -0.0055935541086269405 -0.005623156784188279
96 960 0.026958950841232645 0 3.202796228308811 0.8984362758316344 0.8149117588022038 0.6660318122033655 0.4422557480280406 0.1708714029060952 0.04980302168447638 -0.00023210820489368358 -0.018436958846531647
97 970 0.026926014099397124 0 3.222337431097603 0.8941164682759848 0.8026852641970762 0.6351963709371183 0.40929029917035603 0.17640675633798789 0.034172134513367314 -0.011134504994461863 -0.014003133855457399
98 980 0.027558909354037583 0 3.1861200736248576 0.8946556548977185 0.812653024351685 0.6466438061735552 0.414090860375723 0.17415916906036272 0.026884723008954087 -0.0021846668716578466 -0.001005073378168457
99 990 0.026791437631475883 0 3.176431730970849 0.8979789115410101 0.8211853292735102 0.6571174285965272 0.4242365550778815 0.17295501620469242 0.030942821493114073 0.0035381798343967334 -0.007666327741355426
100 1000 0.032366295384893 0 3.092965296980548 0.9159806362101508 0.8406162334015497 0.6806328734718188 0.46010214588739606 0.2065130983003492 0.031728034262372314 -0.005073597085668601 0.005026622929889383
101 1010 0.035874889732789524 0 3.0742014651958804 0.9184477261393372 0.8446978938618649 0.7010890938554415 0.4833837690625152 0.19973792891509573 0.043374326342884406 0.004333442320025579 -0.003452825733195958
102 1020 0.03964312833733565 0 3.025264446564285 0.9202751292740897 0.8421995379738284 0.7035039900316659 0.4797700301844706 0.2052543644172148 0.0539523402429353 -6.730718622296821e-05 -0.0056444442667861385
103 1030 0.0425804037444883 0 3.0096130719201097 0.9308138414947766 0.86557300559436 0.73489376021316 0.5083135292036699 0.23091486475780873 0.059593257835508576 0.001263198735917642 -0.0007526744206565838
104 1040 0.04947930957396439 0 2.951796719497268 0.9103502317160035 0.8626414487530698 0.7261634559826516 0.5262678494802691 0.26516387503547156 0.05159697972438411 0.0058674807674860205 -0.0018644256164422667
105 1050 0.05510347878894391 0 2.8050860732217946 0.9348548408954482 0.8617985004437311 0.7213504217520177 0.5193853336179245 0.26016745220413856 0.07701862702736441 0.019047903106351502 0.013029672106221529
106 1060 0.05753220890499509 0 2.860787886737233 0.9311636358149489 0.8656114448095059 0.7261725104157393 0.5213509289872447 0.2835802995240089 0.05783506471988638 0.00695343574201304 -0.015273246815619283
107 1070 0.058632974077062416 0 2.836138001806585 0.9237182280534055 0.8485999290475453 0.7368627344366177 0.5309167635935407 0.2574134961350657 0.06764343958099509 0.006121874286359399 -0.006768141183256787
108 1080 0.06023415422823153 0 2.8234015375600894 0.9376680138128458 0.8741138678798441 0.7768961038684898 0.585369878593622 0.3037134218092097 0.11438431727008098 -0.003609251023333716 0.015789561260214604
109 1090 0.0568434650452001 0 2.879976711313069 0.9339386797410011 0.8636302969288263 0.7193347612341547 0.521584819952099 0.3001385754220701 0.06764118236530142 0.013015299213916285 0.0018071803827911103
110 1100 0.05186224147756932 0 2.795001732182799 0.9541909258788278 0.8860086610191379 0.7472935411755398 0.5664281216995823 0.3216219876625354 0.08472104140059353 0.00711518807719431 0.002675970490166062
111 1110 0.049338863167506915 0 2.770287944433556 0.9400123466224248 0.8662264818649239 0.7384770851254409 0.5420213765928976 0.3045767333665334 0.08085490718446962 -0.014067185438528628 0.0013432752107705712
112 1120 0.04577003331295714 0 2.7850847807043735 0.951876098604158 0.8814623417828366 0.7422650451622644 0.5567737985084579 0.3040320854717492 0.08212005078285273 0.010653194319932113 0.0005608998134560711
113 1130 0.04314870576245445 0 2.639373299479289 0.9431125764878906 0.8719744806869582 0.7421857793632212 0.5559055182240116 0.32790238564367297 0.09678919309069076 0.013133639554870895 0.00029020839587411053
114 1140 0.04112679972567094 0 2.616808486312631 0.9425268313909743 0.8766588893748564 0.7519297982370566 0.5644147733787426 0.3332699864428634 0.10760038416173534 -0.0032118876489818805 -0.011666779172526367
115 1150 0.041239510068429255 0 2.561092440608896 0.9420355417536287 0.8812996356319593 0.7528483478901367 0.5795033848704563 0.3266231770236493 0.11180831734832142 0.027843117196884988 -0.007541490708664633
116 1160 0.03901456865245341 0 2.6013383491459923 0.9501456907083852 0.8798022446376816 0.7578080638814245 0.5721325098441884 0.31506056495706874 0.11838166422174076 0.028690694973488994 7.471118764338573e-05
117 1170 0.04205516072686837 0 2.532329747880351 0.9478755185076287 0.8769891362326687 0.7526191539821906 0.5798371702949193 0.342095032542871 0.12689178487774047 0.012863575106246774 0.004196504869079715
118 1180 0.04848492185105623 0 2.375649756037082 0.9559876529759358 0.9070642498232239 0.788628219957358 0.6256428770774218 0.4053453323623577 0.16347473952363303 0.018245829594829614 0.01208045279736413
119 1190 0.060128286012275815 0 2.3835744286508236 0.9593038923389876 0.9109442301793149 0.8092993160861949 0.6273323076616679 0.38615640387480815 0.16658930409278788 0.05410948008248429 0.0035632770413543966
120 1200 0.07402121335713988 0 2.5227513405413577 0.9738389520313476 0.9359074928549856 0.8313224393835814 0.667438370300478 0.4179270315126892 0.17926238963623817 0.06911145816827005 0.016945035089742953
121 1210 0.07614319460866516 0 2.5123416050938436 0.9174440330104285 0.8684947946795506 0.7599327512042553 0.5860857963420778 0.35632603854850786 0.14163292038280373 0.04892092935597535 0.0020993190524493752
122 1220 0.0758511235001025 0 2.4988631269227595 0.9285181618609039 0.8746258678371405 0.774046562739619 0.5976230412875619 0.3695606551297705 0.13543967946442648 0.044338262492711916 0.03354532785451266
123 1230 0.07624310148307971 0 2.4925807497007106 0.9231838588427254 0.893215261739469 0.7963739234366816 0.6124457804345218 0.3910108223722976 0.15977192133019535 0.03562570051129312 -0.013295115676792497
124 1240 0.07001946855058508 0 2.210092672392941 0.9515419253007467 0.9122892576409092 0.809905682479295 0.6419913006743005 0.43323756449590944 0.1864449042583577 0.039686173941691785 -0.008022112884832303
125 1250 0.06805606676834561 0 2.1773494814698293 0.9655461314563627 0.9392713832962915 0.8500500359517802 0.7108675097951251 0.46955651768564544 0.22004287619530077 0.04473929107711403 -0.009232487053320044
126 1260 0.072830562674079 0 2.2173328159231485 0.9613166160424859 0.9178601058323588 0.8199152049687981 0.6723553331154033 0.46030206493007075 0.22317650060492442 0.02218206316878889 -0.02554384960182356
127 1270 0.06968168856629994 0 2.285714906212972 0.976626110167354 0.918777078132027 0.8122312043913026 0.6686685993693501 0.44519762885931335 0.21322051801792138 0.032934855777236496 -0.0007039061645340693
128 1280 0.06908214895249222 0 2.2925814252221164 0.9533765758652227 0.8971437902044127 0.7930316662063421 0.6446571650206984 0.44948322809986857 0.20761377031227324 0.021670284778735338 -0.007246315217137185
129 1290 0.06613305972784764 0 2.2959143863763702 0.9356245322884842 0.8931577336750212 0.8136437601370229 0.6516295741305055 0.4345864775681945 0.18185953399620863 0.019776212354235153 -0.026847093238525827
130 1300 0.060178467919740145 0 2.239991629255552 0.9611312702874256 0.922287441786284 0.8324704018596383 0.6858694754873668 0.4372673163732872 0.2063116327399438 0.02380786249608607 0.0003764711265251408
131 1310 0.05590955104876068 0 2.1563931782133126 0.9575369414078564 0.9120143130845647 0.8315607530634911 0.692842685167134 0.44595397671653164 0.20428691369339155 0.028305477010242754 0.002143505517440289
132 1320 0.056142550291411096 0 2.027971438078208 0.9597205144944668 0.9117225434906491 0.8302363095919807 0.6899681943469278 0.45932520040059444 0.20191292863849422 0.05332362856811162 0.011388492839615854
133 1330 0.05287780708076373 0 1.9855862882155204 0.9634296809574623 0.91619025768709 0.8409835797219531 0.6986172649376753 0.4741299652578296 0.2159188768490165 0.04971024205267818 0.015257354440269443
134 1340 0.048832943824794056 0 1.9702038954629808 0.9564912905031842 0.9198388694716029 0.8426428999527716 0.7063409102020233 0.4900603986901698 0.21727254142512625 0.0534404359296817 -0.008575699610754819
135 1350 0.05041859247332729 0 1.9436833847800699 0.9489585677770768 0.9024657091184559 0.8311676867252333 0.6880942627195828 0.4854535176400584 0.24542285423091104 0.05243708179748892 -0.009377791357108822
136 1360 0.052018092989887625 0 1.8714123201002697 0.9514065633398289 0.9194864771324017 0.8509058583683182 0.721836710560504 0.5047309492366836 0.2538203562252347 0.07375878936878405 -0.01544064286069929
137 1370 0.05206661442475579 0 1.8490078881828458 0.9656046575865167 0.9355045544374667 0.8707887205502485 0.7478828638806366 0.5386637647974091 0.2749608949337188 0.06547938588246119 -0.02057833342458678
138 1380 0.0551802000543909 0 1.7763025637102867 0.9722877370599312 0.9368899387763764 0.8643330035971875 0.7260413301225588 0.5241103448538718 0.27647684806564626 0.07557152023343895 0.0003728628805156446
139 1390 0.05474771045283867 0 1.8661982018669812 0.9691054761156069 0.9341793808131706 0.8805249178980108 0.7480418713106244 0.5437320493959786 0.27613851483345875 0.06489285799261063 -0.009014576707066648
140 1400 0.04840445578708989 0 1.8715837737975896 0.9736726988307803 0.9296080915003299 0.8477148149835719 0.7115552561855463 0.5067384584759826 0.25275670072376577 0.07012360391918385 -0.009787425597985204
141 1410 0.053144233941447974 0 1.7017865319231644 0.9695010628033406 0.9429208294815364 0.8704365974489281 0.7370777333816191 0.5561334049815687 0.30396851780830664 0.09220235108719702 -0.0008161907769409504
142 1420 0.057989850954482926 0 1.8113248659285581 0.9803308907153082 0.9503081555650802 0.8706382024189251 0.7575973749925468 0.5740739185951746 0.3305302249570735 0.07411208323705273 -0.0020594786283115885
143 1430 0.057231592865158686 0 1.6992057941191425 0.9648940853831335 0.9428485134750791 0.8838992065641755 0.7507382522037157 0.5658715686910142 0.3116258988123838 0.08827306648629164 0.00746992144766793
144 1440 0.06038994736578619 0 1.6295714423721233 0.9814409455723909 0.9616414749497124 0.9095065508190059 0.802602119781748 0.6179337582903067 0.35514293128807045 0.11534165118966032 0.015296717933330498
145 1450 0.06178248882000705 0 1.5522197815381853 0.9740105721224419 0.9582535792558633 0.8889971730540596 0.784955178007074 0.604754719807342 0.35588293873842547 0.1149890133865637 0.007733464831348482
146 1460 0.059296303499477544 0 1.6792963903524631 0.9554670592068538 0.9483218117473087 0.8949429500636067 0.7840589729615817 0.5941386144203337 0.3407271884879985 0.11277827515441322 2.640138519990204e-05
147 1470 0.05539244903405787 0 1.5338895534133288 0.9640078178083189 0.9421579903510091 0.8777276482036199 0.7749384329386552 0.5974105810102015 0.33820669485221183 0.10934591635626793 0.006081116912031316
148 1480 0.059366645934279094 0 1.5089034073222425 0.977361267144918 0.9672290750951449 0.8955924360762881 0.7961847583420056 0.6229889217119534 0.3936670536632525 0.1460254075239845 0.00890434121779565
149 1490 0.057659246900581405 0 1.5173961340005027 0.9580209580060459 0.9417672360488051 0.8735695283628158 0.7811462890865626 0.6224264542100042 0.37096944907858553 0.1308541019856054 0.01520287305754199
150 1500 0.05508086886343454 0 1.538128958008504 0.9635789167186956 0.9567316103202744 0.8881236166952762 0.7874116296812648 0.6143981253891325 0.3688690674961537 0.14256661997724013 0.004144145934401329
151 1510 0.04788590385115821 0 1.5527640424525861 0.9747425453053656 0.9686697249733486 0.9193557485896775 0.8302631330037636 0.6500204181658732 0.4073305861965474 0.14553190287971265 0.02162387539935244
152 1520 0.04314101225452656 0 1.464638751462458 0.9664549228507344 0.9495686247368799 0.8774124154790659 0.7923338784847179 0.6273194766320094 0.38062891272730315 0.1458079113705839 0.019401182610970052
153 1530 0.039644069888453176 0 1.475773930324043 0.9672779903505563 0.9571624422074444 0.9032500351477616 0.815132052631868 0.6360392899462154 0.3882119383647896 0.1425825061902698 0.010145757994827365
154 1540 0.03713089034923144 0 1.4926331333368765 0.9729568930356592 0.9642016835625649 0.9066272497139061 0.8198821278974389 0.6501958367593639 0.3954382940059793 0.14630700571752167 0.009081544883044076
155 1550 0.03664447536528632 0 1.454933732839327 0.9635947799335193 0.9529130435339779 0.8940187196237623 0.7999058280879852 0.6288736437964392 0.37422942611813775 0.14395900244322923 0.021065031243701616
156 1560 0.03826521921501046 0 1.3701674832405535 0.967935319432013 0.960529974276703 0.9046185861888858 0.8235587632000183 0.6637868719132382 0.42565808524562865 0.16020040160790464 0.022669935001231326
157 1570 0.03943210740264348 0 1.3236675867376038 0.9712067436292775 0.9654215968558072 0.917232410797089 0.8366224185875533 0.6770101545464304 0.4370817831065408 0.17935625964652677 0.022836541736103687
158 1580 0.04197178611819847 0 1.2784631991663749 0.9738529494615616 0.9634863432065793 0.9092320224651597 0.8265408877659578 0.6734389830855871 0.4442178553045746 0.17316229974702557 0.024310511007831964
159 1590 0.046860678403687885 0 1.2202637415905437 0.9773784208071574 0.9726865893318705 0.9220012161191437 0.840123474919614 0.6860434346305067 0.4592453852030785 0.20654154685410794 0.03066653361654552
160 1600 0.05154014236717289 0 1.157591443801286 0.9713084982687573 0.9563259856861046 0.904820921152478 0.82163370891013 0.6726841323557033 0.44731446659732166 0.19175323447984358 0.02630002293985453
161 1610 0.06199964587754827 0 1.1179711921606725 0.9754071972440242 0.9523101242875255 0.9067547567113036 0.8269373939900269 0.6981163552229781 0.4662735389877971 0.21747319344037444 0.032849953670566916
162 1620 0.06443624726294819 0 1.1782757163058033 0.970733514067049 0.9415106429657255 0.8966448195486694 0.8113889253961774 0.6698062176017361 0.44144010515730664 0.2052580984714295 0.024799799169680142
163 1630 0.06664237686227358 0 1.1104134762025613 0.9793781843948192 0.9589771816156765 0.9030793735214255 0.8402589146129913 0.6973536252802516 0.47492992970154735 0.2295285724343935 0.05711907613944743
164 1640 0.0700728713273816 0 0.9844328024507522 0.9815795779483504 0.9584063635307866 0.9175119804540299 0.841617270807355 0.7028550831303365 0.4885998120867409 0.25539349218084006 0.0553110118679697
165 1650 0.06678817392121342 0 1.0733182672744113 0.9770830669856442 0.9520445836260407 0.9080556262932621 0.8389959976521828 0.7023541196144255 0.47560970239888645 0.24062094322597596 0.0726473467765149
166 1660 0.06042375241018123 0 1.0266707070251062 0.9801148637753139 0.9609769800665188 0.9141126583678397 0.8396027524855921 0.7074101289853855 0.48165696451868595 0.24782395570409205 0.06313788996080891
167 1670 0.05577184970252322 0 1.0805943165088692 0.9904634032977843 0.96838052282907 0.9224454771948746 0.85587174447854 0.7227078380794311 0.4933240100852337 0.25453566134776673 0.0771999878758776
168 1680 0.053693658184089235 0 0.9785862467099601 0.9866102509364556 0.9663686250437544 0.9250496669288724 0.8411886991504933 0.7175726440150644 0.5015617125540808 0.25780210845943713 0.07080650011537276
169 1690 0.05584777314651779 0 0.9680152291013732 0.9785741871198068 0.9664788588865217 0.9328249308116434 0.8501989163610372 0.7318312117908093 0.5208685436022802 0.2791083433054966 0.059295104765652515
170 1700 0.060969910175943276 0 0.9431004134259373 0.9835603479810038 0.9769330835575056 0.9339488267535591 0.8614396097497504 0.7564670046373049 0.55284180537347 0.29455757720795944 0.06985682545506273
171 1710 0.06302730310828059 0 0.9295789613047516 0.9782989071867986 0.97031016955606 0.9377329422012533 0.8559157431845287 0.7538663986132623 0.5554618434820956 0.30164334651275704 0.07782833123666795
172 1720 0.0684678360018415 0 0.7739887075396465 0.9810706806795677 0.9656817667022345 0.9317476327167789 0.8570682302018302 0.7540888566421738 0.5718507459654009 0.3305053540012535 0.10519016907639447
173 1730 0.06446159629293655 0 0.8975519425003863 0.9790457017899219 0.9679423493912457 0.9396256391011122 0.8623785361075976 0.7562810437567968 0.5555014421995009 0.2950532256192579 0.07890198659214723
174 1740 0.06310327512060111 0 0.8144165629142297 0.986676803596114 0.9763587755965255 0.9417435871366324 0.873162554123575 0.7483265866490366 0.5710143276122405 0.33531490272618064 0.09467541094505567
175 1750 0.06100986920451533 0 0.781126294274249 0.9883650341015233 0.9704603409933228 0.9260284637293736 0.8631241205203228 0.7519416920408337 0.5630064889019534 0.31904693791126 0.10601046566079962
176 1760 0.05785121257555479 0 0.831288533325343 0.9854801024660909 0.9713771332167078 0.9367210549346618 0.8589404622163638 0.7512955735680605 0.5800265157521224 0.348058709804357 0.09921748059863321
177 1770 0.05842141342018598 0 0.7251070138776272 0.9879618949543456 0.9715878701002104 0.9448185749750828 0.8750156193654348 0.7775283855830796 0.611537759368766 0.3755751368217538 0.11602544690344635
178 1780 0.057731153897310476 0 0.7038475632450679 0.99569322485304 0.9820009660327713 0.940019319413612 0.8824103928645347 0.778519237050266 0.6101635048048081 0.36284104185135163 0.12964865454489152
179 1790 0.058857621461551844 0 0.7246471525451086 0.9884338211975623 0.9800285178756611 0.9410279424356929 0.8722713407404321 0.7670324676829058 0.6083862209750343 0.3730582913600827 0.1341494913283114
180 1800 0.05764026322487008 0 0.6984373479173945 0.9831895295869104 0.981536661858983 0.9473595150676065 0.8867910608091218 0.7935803446121492 0.6364596666664105 0.4045098828165352 0.13467439857254732
181 1810 0.05249570310412589 0 0.6463548315141543 0.9875446492364269 0.9751809636700779 0.9420892149666369 0.881652255354438 0.7979021725510782 0.6407482168398214 0.4139497372617969 0.14721464979112714
182 1820 0.05534508591047052 0 0.6240991879243087 0.9847758705182553 0.9696236300541001 0.9415038366433391 0.8936160249184425 0.787753317205294 0.6262773474115882 0.4012301017291247 0.1418609607064479
183 1830 0.056899793745878974 0 0.5878499089347472 0.9799781378627384 0.9685373824635138 0.9458299299185604 0.8958851810901813 0.7964843769566415 0.6518499173497545 0.43408354871580684 0.16992368881017564
184 1840 0.05714105606509558 0 0.5602225029926867 0.9882685780476373 0.9801101026953719 0.959627065866407 0.9094018588885558 0.8208970709765375 0.6879240398560457 0.460241972341276 0.18458249230024518
185 1850 0.05700866889904652 0 0.5261447933530203 0.9836681002133634 0.9773255282195064 0.9500270147258324 0.8985268779620592 0.8068560569013514 0.6708556592156579 0.4465383853736205 0.1914701489634546
186 1860 0.05544990317876446 0 0.49055662266673317 0.9862483016290369 0.9736574130028167 0.9529722050391057 0.9152829498666665 0.8332511736862588 0.6971624731625192 0.4740376705925284 0.20036666688667548
187 1870 0.06155344708342341 0 0.5085407603967292 0.9881181300108776 0.9756818359202609 0.9490937522140837 0.9213932554449122 0.8377769040583197 0.6933651856083517 0.47078822914833435 0.2056468129222246
188 1880 0.06568941546366198 0 0.4470286874040943 0.9923500745914904 0.9821648395164781 0.958324342323474 0.9235031189665952 0.841183820116391 0.7050048270725489 0.489014691593611 0.2197194255666611
189 1890 0.06651934238921074 0 0.505680719458081 0.9884085192183565 0.9755810830465599 0.9455311077801438 0.911607314826447 0.8256246800553144 0.6774607758119342 0.4587691118385251 0.22694714990292103
190 1900 0.06296843757172946 0 0.5038112740400185 0.9932398539173525 0.982644510442561 0.9574654579491175 0.9278440498793757 0.8413676321349308 0.6900528418543891 0.4906785964646884 0.2341700957285888
191 1910 0.06001969800045225 0 0.4942500047089138 0.989374289213987 0.9734596273675018 0.9455032040225293 0.9129950644843255 0.8226851619265159 0.6922612712691186 0.4955818541121314 0.2438054740166272
192 1920 0.05828213105620747 0 0.42096119263565307 0.9905084994352626 0.9809277801161898 0.9605321247796208 0.9193153514730165 0.8366759469105948 0.7100693385403258 0.5015905208457284 0.23315914283627295
193 1930 0.06283880523125038 0 0.4269156991755292 0.9916666460359665 0.982515606534586 0.9698729017046684 0.9377217234156646 0.8683698747532456 0.7520680007695973 0.562728321360773 0.27984838515027294
194 1940 0.06254936443728458 0 0.33157540007196473 0.992046997119367 0.9805864343131854 0.9622991190505974 0.9301257076712912 0.8619090023509148 0.7392959926195208 0.546514978999564 0.28230788164214216
195 1950 0.06477454901725406 0 0.357716480804156 0.9952604631459678 0.9827203515085837 0.9695949328153044 0.9310571107748923 0.8649141484130767 0.7452236544610258 0.5420081161119881 0.27828922817085283
196 1960 0.07077005383457681 0 0.31109742341602303 0.9952727663596004 0.9852721732167457 0.9721308277127388 0.945088609588899 0.8755462692427977 0.7607863871011873 0.5685876588741069 0.3251019907086997
197 1970 0.07542190268333035 0 0.3425902828836291 0.9923078844105906 0.9777576979476346 0.9752780311365231 0.9472381829650444 0.8766209856515039 0.7745191139869433 0.6110553751749723 0.3595709993652372
198 1980 0.08216347904659455 0 0.3994986328306511 0.9895297528682484 0.986427258621446 0.9716780052097921 0.9268429651734744 0.8679590756049088 0.7744697259357126 0.5798412380265627 0.32193836936512654
199 1990 0.08305311544314406 0 0.28950208194721955 0.992835022204122 0.9856940139398762 0.9739545095820398 0.9396406044854119 0.8905806765751841 0.7845748683758527 0.608889449055621 0.3489794330411624
200 2000 0.09557564551246044 0 0.28059145806403196 0.9958823791403625 0.9980178027416479 0.9914161136408053 0.9639093947393638 0.9134599956751324 0.8170266010595577 0.6547430479700267 0.4210659059950683
201 2010 0.09685578087392448 0 0.267234327960585 0.9845741951596853 0.9817457301192655 0.9768471094223385 0.9555463610184931 0.9018711455676877 0.8074514200634194 0.6595066713932709 0.4131793550651933
202 2020 0.08715624017160553 0 0.22128886681165322 0.9891642497887745 0.9879473148922612 0.9764319167983178 0.9565968009164328 0.9003894423508904 0.8123177701600787 0.6494395078060019 0.41293957899503503
203 2030 0.084907632820069 0 0.22372994792649004 0.9898805524233837 0.9801638720601746 0.9764812286904344 0.9426409662881619 0.9012997846106762 0.8090241792412353 0.6548872691700118 0.42793637765930237
204 2040 0.08016420598610112 0 0.24098757979735796 0.9858223191172285 0.9787421184356268 0.9717776555985802 0.9544627081794108 0.9013187920412274 0.8061859970954016 0.656702595808154 0.4455379844621585
205 2050 0.07181770568905309 0 0.27250818129298204 0.988698693752216 0.979330052823378 0.9665973499742112 0.9435156607341104 0.8781014536940785 0.7764656645566999 0.6143213666882651 0.3868646285078068
206 2060 0.07022806915546427 0 0.1929177121156641 1.0010121701777879 0.9962193883615934 0.9840579762287757 0.9694995560969898 0.9173814845831197 0.835311149844493 0.7012582476415145 0.48733518357786243
207 2070 0.06490330413787926 0 0.18388563405453884 0.9951662040367066 0.9920837961546403 0.9720596886258295 0.9455363489095506 0.9010699457078825 0.8124934816546041 0.6654008402931123 0.4411408282567845
208 2080 0.06303201155893706 0 0.15702331777928596 1.0010095574553777 0.9946344376442572 0.9819736855563802 0.9571896053529113 0.9131250744078139 0.828571590854175 0.6900861618302595 0.47949168421151844
209 2090 0.05634502008960997 0 0.15733249179072684 0.9921934276625141 0.985261575255905 0.9746328249309408 0.9524386210343847 0.9059192105710305 0.8177750419575197 0.6729169123255617 0.4540719983297602
210 2100 0.049275081779431726 0 0.18007768512023664 0.9983012332084523 0.9893143488737327 0.9813380385131003 0.9574821066125976 0.9041518836352014 0.8189857553132667 0.6707752956847292 0.44519473530979475
211 2110 0.04169238224175951 0 0.15805493328271922 0.9971993057716407 0.9883281419103598 0.9787080268781014 0.9583587427039707 0.9093325035962835 0.8271684474057726 0.6883299226135962 0.46580709357907807
212 2120 0.03802049227256884 0 0.15216354148971134 0.9966958907703655 0.9921274837152538 0.9806534619768307 0.9583001419166948 0.9129260599760624 0.8290710640072623 0.6829281324614075 0.4607342797244011
213 2130 0.038459141993836606 0 0.13447087587929113 0.9941354280895505 0.9910064536865131 0.9796142954523563 0.9634630938713096 0.9263735839618863 0.8446980751473138 0.7145373853704107 0.5092636868044716
214 2140 0.03935989322303457 0 0.14110282091143078 0.9879603705350766 0.984623990259575 0.9776490166080449 0.9602550852689857 0.9188749306971599 0.8433496356518032 0.7053658319621593 0.49629187999780017
215 2150 0.041776662418370886 0 0.12563293976964024 0.9918940454982796 0.988032969333509 0.9853433786743494 0.9682321922852797 0.9284447230105011 0.8555038639307058 0.7404896507213522 0.5466900192758822
216 2160 0.04482801224613708 0 0.1244134953883074 0.9972380656874348 0.9927983354195528 0.9878370696357949 0.9745578985897962 0.9388799434040461 0.8652653523133166 0.7510236240176414 0.564526802700747
217 2170 0.05158151901212216 0 0.1193380136241414 0.9984858378412067 0.993680522413817 0.9919176227515364 0.9814932844098216 0.9492433037965629 0.883641477731899 0.7852388175794546 0.6137645630611647
218 2180 0.053129616093744766 0 0.09630567955412585 1.0004417538697108 0.995869085521885 0.9889569749096905 0.9730583654110269 0.9389392644839626 0.8771767401864238 0.7622707379192721 0.5779120887304472
219 2190 0.05252288283231565 0 0.1025674022676598 0.9938939222356236 0.9877730418274783 0.9860136184032835 0.9753003643157956 0.9448261009844151 0.8810840883390801 0.7721390192129062 0.5922292301100682
220 2200 0.04994146041265134 0 0.10475796527327567 0.99319008534078 0.9918764858082645 0.984541619422516 0.9670908750523785 0.9383885471789297 0.8698476868170748 0.7661112951049865 0.5815370672362434
221 2210 0.04743739683663187 0 0.10520705756835602 0.996274634474876 0.9890106441287144 0.9866286322008747 0.9752111592452415 0.9446620499878794 0.884699572682409 0.7902074223392143 0.6104593106777719
222 2220 0.04573536931151251 0 0.09175752495700158 0.9912512927193132 0.9890459825053541 0.9877068452260626 0.9697177450151883 0.9419771072046514 0.8813551133336786 0.773494842342151 0.5968036722756535
223 2230 0.041645817711540065 0 0.08178434450563593 0.9943192575322671 0.9886693110053636 0.9827841816054909 0.9685931932903995 0.9404032875993873 0.8806610852897655 0.7764360763310808 0.5944539830572745
224 2240 0.03801819147569396 0 0.08066550552748013 0.9939133998507009 0.9900109769832203 0.987121010768609 0.9680614241754859 0.9424897026285926 0.8835678567628212 0.7837675997035402 0.6125506166299843
225 2250 0.03429592341621799 0 0.07897019610503866 0.992203476650099 0.990352318898308 0.986565395521438 0.9721035646356198 0.9445423812354476 0.8868045243656545 0.7802670497848649 0.6096784670394778
226 2260 0.03181727764506391 0 0.07907676110982721 0.9938891907981585 0.9906210877701079 0.9871521156362671 0.9774804024556208 0.9492786884842669 0.8952752406326779 0.7972494609774948 0.6258763603679105
227 2270 0.03403965450550347 0 0.07388914843655303 0.9978647169759124 0.9919698198237454 0.9898316487679333 0.9745733706846865 0.9524306905318278 0.9006387365737205 0.801804817725917 0.6451451870757698
228 2280 0.03194771762080332 0 0.0681252208916857 0.998347697496462 0.9909575819934024 0.9857089442487196 0.9718155165159094 0.9438262702125323 0.8896512642127511 0.7874072122447141 0.619708158296201
229 2290 0.031995930685504985 0 0.06492383042607047 0.9986895571436235 0.991966562822783 0.9867484171555357 0.9772872936015753 0.9488166148738822 0.8976488127730575 0.8031909337104276 0.6405760708649287
230 2300 0.03139209755129173 0 0.06178551558042981 0.997354201083947 0.9912946847009979 0.984825045354315 0.9750800125068525 0.9487931259104039 0.8953343849313873 0.8016527378401048 0.6397806788493198
231 2310 0.030002523151733622 0 0.05553194410864015 0.9971246455071726 0.9925206321877608 0.9878070777540903 0.9777795739993271 0.9511165003971356 0.9011824680999494 0.8090915012164749 0.6561737413616465
232 2320 0.030741736507750417 0 0.056092498970161345 0.996242182944664 0.9941607992967308 0.986003721866815 0.9757795210856792 0.9495850472458167 0.8979726576892558 0.8074832643186214 0.6551248777675003
233 2330 0.0333395171566732 0 0.049604378139353505 1.000905501366595 0.9960311536413887 0.9918534617775489 0.9815304297819757 0.9636872215189831 0.9187053630659846 0.8401885642080997 0.7038863135318406
234 2340 0.03688363217315837 0 0.04228050368841646 1.0000957189917652 0.9952122914952835 0.9919501756994782 0.9809836881961169 0.9614336858654786 0.9181755649342652 0.8413272444289983 0.7104462783493047
235 2350 0.03283808579514754 0 0.04206210965940707 0.9977352594505855 0.9928289243126913 0.9874174909461428 0.9783101355662591 0.9607950687120684 0.9179941054765757 0.8394013686076701 0.7034696576797084
236 2360 0.030057452411281962 0 0.04938749684418151 0.9952285234578637 0.9913120432855314 0.9865850245023532 0.9778043059357834 0.9550745551677923 0.9071016458579474 0.8246055655718459 0.6774123965271467
237 2370 0.031243976020323534 0 0.04696518279951662 0.9976311262056984 0.9904508894676456 0.9858027417046168 0.9767820354769177 0.9590830053556008 0.9191042201934736 0.8511979275297337 0.7200991542303448
238 2380 0.03300405683178112 0 0.037805732572940655 0.9986107256327166 0.9935514391968587 0.9914679476881302 0.9796169865468014 0.9590820449703298 0.9207084912752631 0.8497487810810882 0.7177797368033841
239 2390 0.03361822212931876 0 0.0318832403694424 0.9994146134039469 0.9942709523023813 0.9912347460252423 0.9810278572434236 0.9653145605378044 0.9306068155224818 0.8667234191207916 0.7452285292859961
240 2400 0.03455336652244308 0 0.03656252424350247 0.9969712529490763 0.992988496528449 0.9878192027070392 0.9782648016638026 0.9647338119000776 0.926275860919514 0.8585473628712158 0.7357234833805482
241 2410 0.03096853446210487 0 0.03985090983674679 1.000335381089791 0.9950796053764657 0.9890165461123741 0.9762739846882083 0.9612288442406833 0.9258882696577756 0.8623973063207832 0.7434927289469676
242 2420 0.030467325031266243 0 0.028769885185598015 0.9990376228778479 0.9955960309161777 0.9911975442379983 0.9846499714754671 0.9685481076767899 0.9355646548793084 0.8742729593593093 0.7568938536648937
243 2430 0.030292667272372335 0 0.026246624503194194 0.9976773065171785 0.9961114451008435 0.9916266172088992 0.9837981947993365 0.9657700135255124 0.93142531756506 0.868175907931906 0.7493880666950801
244 2440 0.03164964957081821 0 0.026088492551956416 1.0004854711292537 0.9993496314084354 0.9940468183284641 0.9853382856313059 0.9753265610858692 0.9478472854367781 0.896327992906812 0.79634277823696
245 2450 0.03006863473633178 0 0.023883905455817405 1.0012437475583522 0.9977390693064812 0.9928393945874199 0.9851500564984554 0.9766455582715614 0.9542274343434856 0.9062698938532773 0.815331772720282
246 2460 0.027563551157372853 0 0.019392225018799957 1.0011682508785316 0.997191193250426 0.9927117355366699 0.9853671846600961 0.9728497448299255 0.9461369764801305 0.8926353393185622 0.7966277117902414
247 2470 0.026643602243638376 0 0.017487105599175955 0.9995625468841268 0.9967491509797807 0.9927928107899154 0.9865764423308439 0.9753349630559586 0.9492693502504876 0.899398355166535 0.8042920006521206
248 2480 0.026984000586002053 0 0.018612091108317488 0.9998493006295002 0.9981648619062684 0.9930846603364112 0.9856582639547843 0.9750103653723806 0.9511130177457828 0.8994655621507778 0.8085842462115083
249 2490 0.025188180082401066 0 0.017846031181402912 0.9975092643036628 0.9947513549186908 0.9907528851879559 0.9845695797091802 0.9706764773207036 0.9442323559760571 0.8934062308943173 0.7967587996746005
250 2500 0.024130500795361273 0 0.014661230635147215 0.9995709381632114 0.9971995842586309 0.9920066915299522 0.9854833945388792 0.9758414034351388 0.9543447842136261 0.9113657917607972 0.8298054730484724
251 2510 0.02497154096515541 0 0.013564079464872175 1.0005462851580103 0.9973623979704687 0.9929672891929314 0.9868042300718112 0.9763937255721524 0.9545298411598457 0.9129284513332189 0.8319890733161783
252 2520 0.024361378680211328 0 0.011141188285758634 0.9989825237621207 0.9986560610444848 0.9937934357012255 0.9896359025438555 0.980768954824533 0.9616204635386262 0.9242576667381833 0.8503801891223205
253 2530 0.022688983190017227 0 0.012080459748552834 0.9990691491337624 0.9973533311659885 0.9929012090827376 0.9890019274898294 0.9780129480704878 0.9570375770388215 0.9146637337920215 0.8339253406695032
254 2540 0.02137997028702249 0 0.011528013392646154 0.9998948704680525 0.9999015506589156 0.9950766082385791 0.9913580006625541 0.9818013538885741 0.9633670296144974 0.9288214588246835 0.85809482525011
255 2550 0.02469639926408917 0 0.009399657823728345 0.9994276738963297 1.0013130910868426 0.9965102449702847 0.9947554408975006 0.9886537097684108 0.9766046299033263 0.9531365444748827 0.9043992125345287
256 2560 0.025298153127734615 0 0.008410783672468437 0.9990842275538522 0.9984869374429863 0.9952631614851125 0.990008918258557 0.981896047564968 0.9647387063119675 0.9343414139179766 0.8709811847489122
257 2570 0.023938420380276857 0 0.0067237934482974986 0.9991653189607517 0.9987518022012108 0.9960767275675073 0.9927083543230181 0.9870946971182895 0.9753788458496978 0.9501928122334631 0.8977254998287769
258 2580 0.021985760008071713 0 0.009091976840204718 1.0003177229178468 0.9997914784892219 0.9944680221068551 0.9913474757905061 0.9829135074444562 0.9670335826267782 0.9350805318745653 0.8736513319814581
259 2590 0.020873701488127817 0 0.008195755235801768 0.9990829427601765 0.9997979370040687 0.9950766812318421 0.9917746640183668 0.9833768931522359 0.9687510246838781 0.9403963963418932 0.8835432750644947
260 2600 0.020538591207524895 0 0.005218942670090385 0.9995200178849285 0.999975679202602 0.9975926932916417 0.9935372998727381 0.9872931327416413 0.9741896948587065 0.9501522074385405 0.8999881153726452
261 2610 0.02224581639890464 0 0.004278018856629976 0.9993133178655667 0.9998476763488114 0.9988798533195424 0.9960601968168178 0.991480349535286 0.981565561180266 0.9614092051702994 0.9208858748848181
262 2620 0.021305647644037074 0 0.004232877968329758 0.9978987998987291 0.9980286370726975 0.9967499471979778 0.9942894239877171 0.9877555051558591 0.9778659192050799 0.955317679180047 0.9108999717709841
263 2630 0.02130417113130276 0 0.00541948941320042 0.9977082071033256 0.9984837935108484 0.9967499492417103 0.9938276629989463 0.9873585457648039 0.975362170767827 0.9496873688082698 0.9047477376852507
264 2640 0.021746219381723737 0 0.0046379357117475525 0.9980975100958016 0.9989915842588613 0.9992092591119774 0.9959812506015171 0.9919177275155112 0.9867764059800023 0.9718756478308234 0.941557989395161
265 2650 0.021812636051920953 0 0.004046793782589563 0.9986899834242134 0.9998989991728724 0.9992896998613975 0.9953552401007286 0.9901033047247033 0.9821945542903565 0.9646401677950749 0.9289146606110138
266 2660 0.019990733653266198 0 0.0038527919165170605 0.9985140212613747 0.9990855555540579 0.9984874028339653 0.9955884328199269 0.9888929309156267 0.9783658358424233 0.9561699119909137 0.9148339570956425
267 2670 0.0175148463843178 0 0.003726517814287363 0.9986422971350668 0.9987507176718199 0.9989948316498483 0.995232343217486 0.9917581759927357 0.9842507353691574 0.9661849443886312 0.9321771531706866
268 2680 0.01606347526917005 0 0.0025776864255060484 0.9987177592714386 0.9993640753786798 0.9990701911624653 0.996304783765625 0.9944281078205611 0.9878762541418158 0.9750262476117604 0.9483633106592831
269 2690 0.01649385815533155 0 0.0025980992364814585 0.9991372688031984 0.9986909860554274 0.996927110677284 0.9946992835886046 0.9909551393390222 0.9817472474671762 0.9642046827114373 0.9274545173008604
270 2700 0.016275613452680512 0 0.0022914236559022126 0.9991973669632574 0.9989600118616433 0.9986414293513387 0.996934139520269 0.9937402814233305 0.9879722248121883 0.976284965252388 0.9493774114428488
271 2710 0.015792904256362886 0 0.0028154031179236645 0.998252957239675 0.998174684883343 0.9994399541745803 0.9968018018324172 0.9939030994267631 0.9882016684166169 0.9762799483806587 0.9512021075024775
272 2720 0.016017171454501232 0 0.0020508828502723946 0.9988785528917922 0.9992473362216946 0.9990360953126102 0.9972791992272239 0.9960488066005082 0.9906514137270966 0.9827518202874963 0.9631417845898457
273 2730 0.01678220863115168 0 0.001475134807509613 1.0001189144811826 0.9999963462858742 0.9988188228424595 0.9974786502418187 0.9938822736079269 0.9871400502919728 0.9729500832892731 0.9464805515316088
274 2740 0.018508977754451757 0 0.0014828160230090895 0.999434923016552 0.9978680333826061 0.9979864766083875 0.9970452332133722 0.9949373813431777 0.9907505485065105 0.9824299832334777 0.9641070818007164
275 2750 0.01810405914125257 0 0.001527501750045695 0.9981377946658333 0.9989055542636124 0.9989020273044326 0.9983720513759045 0.9957593564051355 0.9905533834097346 0.9808716059982949 0.9620434465771189
276 2760 0.01694589829227551 0 0.0008947781374900568 0.9995065961750044 0.99925616586258 0.9991047320526834 0.99736274261209 0.9954076783397351 0.9895747886790991 0.9791294340931476 0.958564527792707
277 2770 0.016268374682065437 0 0.0005007636581800058 0.9998081950034142 0.9997492436187735 0.9992864304022635 0.9995089393710807 0.9979848071058424 0.9956075139167286 0.9901777755837621 0.979713920216047
278 2780 0.015978035663422197 0 0.0005974949864607174 0.9998646880066367 0.9993991244704279 0.9983362504403324 0.9983709105434386 0.9971904399725868 0.9943830071169264 0.9894229411293183 0.9781731012607886
279 2790 0.017101353024720295 0 0.0006622763260334923 0.9996867559021236 0.9991201864385818 0.9992087192778558 0.9986583593248257 0.9990216967367588 0.9969094030085709 0.9931759278915365 0.9869868660047645
280 2800 0.01658840070956663 0 0.0005524127657674956 1.000114132180809 0.9999818493355006 0.9996689644775275 0.9987510727102602 0.9984414069351834 0.9961787279948662 0.9907561343124132 0.9815709903857429
281 2810 0.013985705155142353 0 0.0003806436350385041 0.9997414417334595 0.9993959377788906 0.9996704115722175 0.999387190415651 0.999082917834395 0.9974726790813131 0.9958063487023168 0.9904214467066582
282 2820 0.012872613150748296 0 0.00039226464355265536 0.9996527436662367 0.999850018543626 0.9993845847850026 0.9990951993252225 0.9991430075338869 0.9972501755510955 0.9953324616794783 0.9913546880212069
283 2830 0.011819619106105152 0 0.0003544185080438244 1.0000380538531506 0.9995725145163018 0.9997514659813708 0.9995426267712606 0.9999334513556116 0.9997931581858038 1.0003755589091594 0.9994991931151174
284 2840 0.010409871934076375 0 0.00025545731617778876 0.9996544265326243 0.9999109079660559 0.9994295436906919 0.9997665415992765 0.9997547197226814 0.9993204477232398 0.99917512264689 0.997440629530078
285 2850 0.009251970165945402 0 0.0002710885298036349 0.9995256798624467 0.9991340339196981 0.9991809054255423 0.9993311768760064 0.9988788691548902 0.9973115249094688 0.994466501260359 0.9884655259189642
286 2860 0.008172402363976128 0 0.00011332153088882179 0.9999223484953759 0.9998121184812958 0.9997089538897088 0.9994230826399383 0.9989496774782929 0.9981531298987127 0.9964805380368227 0.9938941559746391
287 2870 0.0073883187378905105 0 8.667871616065511e-05 0.9996588739810779 0.9998212109092635 0.9999000416507178 0.9999740725784145 1.0001037802401334 1.0001764710320422 1.0007055888439453 1.0008114302971944
288 2880 0.006945304054055202 0 4.613260564929046e-05 1.0000492078423604 0.9999004768966102 1.000087728203644 1.0001404403874872 1.0003593727907434 1.0009773029276194 1.0022820542992565 1.0048788741057095
289 2890 0.0060418357720562355 0 8.27427085937917e-05 0.9998460055665486 0.9997258091343748 0.9996317843456957 0.999976156651074 0.9997502098757304 0.999094485881976 0.998392068312937 0.9968381228207601
290 2900 0.005881449997320834 0 9.11446621629305e-05 0.9997378633413242 0.9998428237080533 0.9996876933077423 0.99973995067007 0.9993465948982454 0.9980927276157863 0.9963378154426312 0.9929451169198168
291 2910 0.006162500812699129 0 3.331134648657273e-05 1.0000111414365838 1.0001289903875366 1.0000779926258525 1.0001297700246872 1.0004425921282363 1.0011455902099895 1.0022368683868284 1.004823439002722
292 2920 0.006222912394865461 0 5.686005224651261e-05 0.9998610287699432 0.9999858848619889 0.9997540657314006 0.9999654577307119 0.9998698106414023 0.9997355794004775 0.9991531282201508 0.9979481869075906
293 2930 0.005608294373538871 0 3.5731974008127984e-05 0.999830880881747 0.9998138794108362 0.9997512470038638 0.9996990400092385 0.9995827951277916 0.9990314044517814 0.9976675236058458 0.9953998697805022
294 2940 0.005194106233006706 0 6.586916939501016e-05 1.0000752637073134 1.0002555420972727 1.0000093702477195 0.9998109334034463 0.9994995743255005 0.9987021665576522 0.9970802605245735 0.9939751262722256
295 2950 0.004662194605567687 0 4.056880123032583e-05 0.9998800623221447 0.9997538609752534 0.9997240243334867 0.9994429357787197 0.9992804180565285 0.9984050805114025 0.9970504487401671 0.9940932659011301
296 2960 0.004134800661286262 0 3.096082759523512e-05 1.0000385625647568 1.0000848675190965 1.0001075442179295 0.9998725101603408 1.0000174835024354 0.9998964566314215 0.9996358688003374 0.9990102754307436
297 2970 0.00376025891074192 0 1.1875975664317222e-05 0.9998352403229398 0.9998692566264857 0.9999177378397373 0.9998256826150484 0.9995960849639107 0.9992942807672404 0.9986419592178017 0.9973559608087365
298 2980 0.0035141088257982923 0 1.4370731855790925e-05 0.9999783434262035 1.000019209838911 0.9999037875338987 0.9998247275776905 0.9995978660727353 0.9994302812066584 0.9987553789630264 0.9973337500402765
299 2990 0.003537085305068274 0 1.966343522247108e-05 0.9999377090883643 0.9999124403331217 0.999806867674369 0.999710209093984 0.9992832770222104 0.9988335738968381 0.9976719984305371 0.9952027732606804
300 3000 0.0031644950998061094 0 1.5565662486591407e-05 0.9999775500291076 1.0000428329221875 1.0000043203123612 0.999933816889676 0.9997021676971842 0.9995747604207109 0.9990550692650573 0.9978687468870011
301 3010 0.0027919536326816473 0 1.907194965254703e-05 1.0000011492599346 0.9999785450655804 0.9999560257771895 1.0000141898595492 1.0000016720631946 1.0002696702991183 1.0003879383889673 1.0004881444392342
302 3020 0.0023182561389277316 0 1.6371585843608647e-05 0.9999003636160192 0.9998254226689367 0.9997586462558109 0.9996390862937635 0.9993866367297058 0.9988405242383485 0.9976358856523242 0.9950701994934489
303 3030 0.0021155507271200303 0 6.024899574253872e-06 1.0000098246074314 0.9999952093422845 1.000009605473307 0.9998789263495516 0.9998311939541504 0.9996806043515032 0.9992094693337924 0.9983635530957081
304 3040 0.00210946162532375 0 7.79106058607816e-06 0.9999724181992538 0.9999574425563895 0.9999113742367245 0.9998013194451377 0.9996455157121957 0.9994067896903825 0.9986421366008039 0.9973801806511693
305 3050 0.002165173800452096 0 8.464810908130977e-06 1.000082818184408 1.0001174672341535 1.0000880726661774 0.9999765359337055 1.0000664207226655 1.0001544473063997 1.0003635433488076 1.000675108869166
306 3060 0.0020124836332216438 0 2.9386403452933015e-06 1.00002411233054 1.000031002586577 0.9999692840893517 0.9999018178024991 0.999818385761336 0.9996593431857729 0.9993737381049508 0.9986485460267235
307 3070 0.0018224621799824323 0 4.970494396281496e-06 0.9999910392766813 1.0000132227555762 0.9999419174579092 0.9998304738015557 0.9996846689400499 0.9993234316245847 0.9986985851450106 0.9972958879893209
308 3080 0.0016325744754189964 0 3.355885764694003e-06 1.000038587974147 1.0000477515458899 1.0000447272661344 1.0000178645435533 1.0000925643492402 1.0001554356717701 1.0002829280026662 1.0004284372780872
309 3090 0.001726269203866154 0 3.041849705641967e-06 1.0000196447855787 1.0000323232327075 1.000060724261745 1.0001048424855805 1.00010499987771 1.000075983843863 1.000152208530647 1.0003287996459775
310 3100 0.0017541127823806006 0 2.8337314229801246e-06 0.9999849972575251 0.9999485754688168 0.9999603573557374 0.9999384801853253 0.9999148736180762 0.9997958240367878 0.9996052569755425 0.9990740463407356
311 3110 0.0015690115474196686 0 2.6471316265529166e-06 0.9999745771132406 0.9999507680475769 0.9999890201070631 0.9999368819544121 0.9998983771578098 0.9998055013297509 0.9995938776276005 0.9990698418468574
312 3120 0.0014599896796914007 0 1.8543764437285984e-06 0.9999730449761304 0.9999784104644385 0.9999977939047554 0.9999212975751764 0.9998877046665964 0.9997458850142379 0.9995427251541311 0.9990424383961555
313 3130 0.0013097425298370972 0 2.100966963234161e-06 0.9999769477426661 0.999978802060854 0.9999955653690742 0.9999073576566732 0.9998672764356094 0.9996749124566195 0.9993601715124668 0.9987116932781169
314 3140 0.0011752440305209107 0 1.979364678820948e-06 0.999998184899857 0.9999958775516914 1.0000215009465259 0.9999698164809468 0.9999668304916477 0.9999208876038246 0.9999377225279924 0.9998178418477579
315 3150 0.001050548163282384 0 1.6032451711503244e-06 0.999987416809012 0.9999914957529997 1.0000331559982083 1.0000621216914003 1.0001469584534262 1.0002837440839758 1.0005941549467152 1.0011032751414746
316 3160 0.000927882597084018 0 1.0358383862024678e-06 0.9999850585720335 0.9999986729700199 1.0000368276143676 1.0000104378621115 1.0000598458450307 1.0001243025247981 1.0002834518684796 1.0005520254424174
317 3170 0.0008956898387914844 0 4.468480101913042e-07 1.0000123871330728 1.0000038052438585 0.9999921358685268 0.9999895052713348 0.9999754362692922 0.9999497551936803 0.9999535245785249 0.9998792240601938
318 3180 0.000874589099452175 0 4.909805339198577e-07 1.0000225978757904 1.0000164341917226 1.000024718646826 1.000018174902963 1.0000275790379978 1.0000675489352828 1.0001499914564242 1.0002521390212886
319 3190 0.0008013158916432193 0 4.745894589279637e-07 0.9999842433135304 0.9999826432707051 1.0000051121939166 0.9999914851326617 0.9999631222921967 0.9999199078179501 0.999857160133874 0.999754156305238
320 3200 0.0007704082086042922 0 5.326639977102644e-07 0.9999938863760341 0.9999823471403438 0.9999539687273484 0.9999496613822495 0.9998976541045591 0.9998309311961264 0.999684148599877 0.9993837844258793
321 3210 0.0007716290117638545 0 9.291322971395637e-08 0.999994251754983 0.9999977978209056 1.0000008315213627 0.9999931496820748 0.9999873308609137 0.9999858295575874 0.999949644627299 0.9998891623879794
322 3220 0.0008024493133932041 0 3.9335668564037376e-07 0.9999947426485606 1.00000352281101 0.9999956074391166 0.9999896196373905 0.9999723953626067 0.999946196767444 0.9998356573893045 0.999676507114379
323 3230 0.00067852514787116 0 4.2045997729633444e-07 0.999984861800144 0.9999936872118618 0.9999892561319706 0.999953148256618 0.9999521253046146 0.9999274215170383 0.9998592911187691 0.9997133584767977
324 3240 0.000662291101463811 0 2.8309701979375084e-07 1.0000066294814964 0.9999942111321428 1.0000004590321503 0.9999931664042214 1.0000182742656687 1.00003496312809 1.0000571325623298 1.000082217638165
325 3250 0.0006574248008954417 0 2.6151193681415806e-07 1.0000162466655855 1.000006240555985 1.0000090506853505 1.000018592372084 1.000040077783785 1.0001065355639973 1.0002185299782294 1.0004133252217067
326 3260 0.0005874271978942668 0 1.1124249782145464e-07 1.0000061905785727 1.0000060361355394 0.999996128225412 0.9999835174550047 0.9999702295766755 0.999932783025993 0.9998822813810312 0.9997786106593715
327 3270 0.0005523946683256412 0 1.2066773605779642e-07 0.9999938891653947 0.9999979029326069 1.0000170864096516 1.0000210680989485 1.0000407443260333 1.0000700973500518 1.0001459651467313 1.0002972447264549
328 3280 0.000491927520220634 0 1.6461341218277029e-07 1.0000050281971138 0.9999923474020708 0.9999991509031679 0.9999875023171992 0.999990010824669 0.9999991650318458 0.9999992429325346 0.9999782122138867
329 3290 0.000466844437860374 0 1.3761885982298762e-07 0.9999825401584089 0.9999879196879672 0.9999979838814707 0.9999885115807801 0.9999823373456026 0.9999535509136764 0.9999142632146092 0.9998273988492585
330 3300 0.0004645124191072094 0 1.3328200928865667e-07 0.9999912686090634 0.9999958822745756 0.9999965119394582 1.0000093340388923 1.0000099311110564 1.000012738496589 0.9999996173295224 1.000007347752273
331 3310 0.0004409192817395741 0 8.430670572695044e-08 1.0000006160475312 1.000001966964858 0.9999904816871706 0.9999980631434955 1.0000079490753713 1.0000249913392854 1.0000582437373609 1.0001104344418823
332 3320 0.0004165767097272658 0 7.602139768806133e-08 1.0000062183792695 0.9999978367293944 0.9999948472061078 1.000001595259111 0.9999996416512327 1.000008425181272 1.000028846543382 1.0000452477184418
333 3330 0.00035335705855671086 0 3.838945309650556e-08 1.0000017976000835 0.9999999598464743 0.9999930855100602 0.9999982420746201 1.0000009024143843 0.9999973188308826 1.000003332466246 0.9999987727759081
334 3340 0.0003122526983608017 0 6.368825612391008e-08 1.0000071223983107 0.999997451886908 1.0000005035002304 0.9999987864784481 0.9999972222247104 0.9999931143757685 0.9999771345452885 0.9999391823726473
335 3350 0.0002779458273392524 0 1.731786762389201e-08 1.0000022224890812 1.0000001753267571 0.9999968362033099 0.999993000313847 0.9999955450286306 0.9999874665852023 0.999970362212526 0.9999431404882436
336 3360 0.0002824524217749384 0 2.469100047659398e-08 0.9999936355984738 1.000000415203838 0.9999994507347877 1.0000037396420585 1.0000038039074863 1.0000063810390385 1.0000073341313487 1.0000163171862038
337 3370 0.0002509277589958868 0 3.086713247850045e-08 1.0000016764412254 1.0000042464340022 1.0000069592282685 1.000015995991969 1.0000276022945656 1.0000459600399374 1.0000843919716118 1.0001627462659857
338 3380 0.0002422521511206749 0 3.074454696017175e-08 0.9999988388028185 0.9999990866670799 1.000006327278427 1.0000091308585446 1.000022387866736 1.0000457097884008 1.0000900372163304 1.0001701570703767
339 3390 0.00023525946085103323 0 2.6966586592333078e-08 0.9999939807840436 1.0000005920503994 1.0000011280563634 0.9999968505172563 0.9999992032695626 0.9999988795976824 0.9999951482339989 0.9999837492279844
340 3400 0.00024488860979864703 0 1.906111127337339e-08 0.9999995139405474 1.0000002655122642 1.0000018685871264 0.9999949030203243 0.9999861070228008 0.9999802268889063 0.9999579352184712 0.9999147835239578
341 3410 0.00023191913326324573 0 1.6980201958744654e-08 1.0000016021481646 1.0000020277507302 0.9999981516628582 0.9999921075911536 0.9999817472298906 0.9999590051196686 0.9999173600726794 0.9998350877310159
342 3420 0.00020402031743839769 0 1.7361278671361737e-08 0.9999990150888888 0.999999606846412 0.9999952193211632 0.9999910666482105 0.99997981845633 0.9999593341433607 0.9999141828998892 0.9998225508299136
343 3430 0.00016990378928641116 0 8.635671265853233e-09 0.9999995383671398 0.9999967359477143 0.9999968907968585 0.9999934061283497 0.9999850476198773 0.9999744250822133 0.999946089594157 0.9998932230674322
344 3440 0.0001465155704814168 0 1.4571586545021204e-08 0.9999969363663095 0.9999992496965553 0.9999980728947381 0.9999953111705934 0.9999843469874072 0.9999684164552264 0.9999388824784486 0.9998730637765463
345 3450 0.00013228959062422567 0 5.946369177473833e-09 0.9999997667053003 1.0000007937551514 1.000002810590598 0.9999992162583297 0.9999960113141275 0.99999265131945 0.9999869069900956 0.9999718092683203
346 3460 0.00011219401308281904 0 6.700072580741762e-09 0.9999996014670246 1.0000011758895508 1.0000014204816183 1.0000013546557138 1.0000005852553613 0.9999977524470974 0.9999949361467592 0.9999833035166504
347 3470 0.0001022480818356173 0 5.594181058792755e-09 0.9999972202475153 0.9999998461661058 1.0000009807491297 0.9999993171013355 0.9999994317279413 0.9999969989860215 0.9999975928505381 0.9999942972522516
348 3480 9.696340213735666e-05 0 2.471834750504556e-09 0.9999993108191987 1.0000010848348913 1.0000013916451518 1.0000032645671753 1.0000056539422773 1.0000079699676208 1.000016019057265 1.0000305428796898
349 3490 9.133384477743522e-05 0 3.774871389511902e-09 0.999999454406256 1.0000002157211554 1.0000032713131854 1.0000047893393902 1.000007350707304 1.0000124695470243 1.0000270243234757 1.0000531163078412
350 3500 7.93725865755758e-05 0 2.5534268695434495e-09 0.9999983041704974 0.9999993930922342 1.0000003589842579 0.9999999974683296 0.999998854769982 0.9999957876303219 0.9999887336060915 0.9999779408371534
351 3510 6.896986507745315e-05 0 1.5957921282423505e-09 1.000000332717179 1.0000016212433969 1.0000023621232623 1.0000034336290125 1.000004127577936 1.000007371510823 1.000014039600271 1.000027111926952
352 3520 6.619146966751292e-05 0 3.0992691889540633e-09 0.9999997271546421 1.000002464623093 1.0000029393789684 1.000003606277473 1.0000050100370792 1.000008000364601 1.0000162535607455 1.0000325492606164
353 3530 6.205838116833067e-05 0 2.5412051215076996e-09 1.0000014794129053 1.0000019795551585 1.0000017522914468 1.0000029035709703 1.000002746002977 1.0000060382768294 1.0000105213132104 1.0000187166249572
354 3540 6.410404849886346e-05 0 8.697789188382332e-10 0.9999991547413155 0.9999997508771736 1.0000005716883924 1.000000843349362 1.0000027486372896 1.0000054197450332 1.0000122813513543 1.000025089205247
355 3550 6.217175000846325e-05 0 7.105148368480337e-10 0.9999993834047478 0.9999995348771272 1.000000334454476 0.9999999639123024 0.9999991845413155 0.999997891335704 0.999995168807494 0.9999920608828996
356 3560 5.8994682261611015e-05 0 4.887788057321994e-10 1.0000000408395302 0.999999990209391 0.9999998476959903 0.9999994044310127 0.9999986684145341 0.9999983470931365 0.999994979057557 0.999990661111778
357 3570 5.6005735978181824e-05 0 5.911266155912737e-10 0.9999999461194352 1.0000002128623866 0.9999996609738613 1.0000005938913807 1.0000012058867982 1.0000017793161253 1.000005204576627 1.0000099919373047
358 3580 4.875176687755487e-05 0 5.717027565168632e-10 0.9999996584787485 0.9999998543920976 1.0000000756082896 0.9999993680666309 0.9999987456720927 0.9999993649568765 0.9999997673782232 0.9999997950072195
359 3590 4.374038928676376e-05 0 5.348520811109754e-10 0.9999999619983321 1.0000005848914892 1.0000002673875439 1.0000004832780733 0.9999998760851118 1.000000557088844 1.0000008564591467 1.0000002383852058
360 3600 3.9872357030992526e-05 0 2.7344167744995104e-10 0.9999998774202894 0.9999997002872317 0.9999990221690946 0.9999983913126173 0.9999975910071541 0.9999952936543429 0.9999899483854124 0.9999796374473281
361 3610 3.6322802852033047e-05 0 3.209416716777988e-10 1.0000005696574061 1.0000005865883659 1.0000000311010124 1.0000004271366205 1.0000002954403202 1.0000014972063986 1.0000025362424045 1.000005235640127
362 3620 3.313414473014936e-05 0 1.318942216381489e-10 0.9999998334294704 0.9999996937894257 0.9999992023567782 0.9999989093917631 0.9999982250276922 0.9999969561282904 0.999993763745465 0.999987758775942
363 3630 3.011739073608459e-05 0 8.636279783412578e-11 1.0000000864526741 1.0000002913813066 1.0000001611244518 1.000000022172746 1.0000002049596304 1.000000492739257 1.0000014483193016 1.0000023399748281
364 3640 2.9427904482769533e-05 0 8.035545852738098e-11 1.0000000749042675 1.0000002793759435 1.0000005610384695 1.000000318920934 1.000000443680639 1.000000900995867 1.0000018418349208 1.0000034529824124
365 3650 2.69657177643522e-05 0 2.067715500362657e-10 0.9999999264406598 0.9999999814460391 0.999999517620119 0.9999987829676166 0.9999977947625801 0.9999955267269307 0.9999915668859541 0.9999838354680913
366 3660 2.5031533616712816e-05 0 2.0549408493220426e-10 0.9999995180466332 0.9999999822218791 0.9999996330377341 0.9999996082492177 0.9999995281112987 0.9999992817173479 0.9999986381536207 0.999998141292623
367 3670 2.2405649569239106e-05 0 1.0498445716313892e-10 1.0000000969719236 1.000000402448907 1.0000004515885028 1.0000005620881114 1.0000009149367297 1.000002343580596 1.0000046051970897 1.0000096209281775
368 3680 1.9700073007491008e-05 0 5.288592778952037e-11 0.9999998248489493 0.9999999626302971 0.9999999228674167 0.9999996856697809 0.9999998910201634 0.9999998950458067 1.0000000111045528 1.000000290579856
369 3690 1.812989788239586e-05 0 6.07273403196663e-11 0.9999999034461795 0.9999999333724419 1.000000142037099 1.0000003230263939 1.0000007845165455 1.0000020155149774 1.0000042525090678 1.0000086369656989
370 3700 1.711855427568437e-05 0 3.935713416086869e-11 1.0000002069938931 1.0000000678036076 0.9999999223062377 1.0000000588382891 1.0000003652894438 1.0000006226970621 1.0000014415998804 1.000003093742155
371 3710 1.6495863009261707e-05 0 3.1318910108495684e-11 0.9999998270420345 0.9999998263734599 0.9999997164943611 0.9999997375624633 0.9999995569392313 0.9999993066363894 0.9999989204282445 0.9999980080848254
372 3720 1.554187369417386e-05 0 2.6241303175456964e-11 0.999999785401964 0.9999998422860161 0.9999998254526127 0.9999996451422978 0.9999993063751655 0.9999986236054531 0.9999972479334429 0.9999947541090431
373 3730 1.4406837216203439e-05 0 3.7672503246232263e-11 0.9999998915954809 1.0000001348799896 1.000000119559182 1.0000003503517607 1.000000309435033 1.00000074167019 1.0000014849619596 1.0000031104746956
374 3740 1.3272030712560515e-05 0 3.043497167876007e-11 0.9999999179984854 0.9999999908950408 0.9999997396719584 0.9999995634100928 0.999999111871589 0.9999981912051022 0.9999962315775099 0.9999923899080376
375 3750 1.2321608622929374e-05 0 1.5962294519969864e-11 0.9999999195571233 1.000000071508417 0.999999947247443 1.0000001097203384 1.0000002209351475 1.000000365381706 1.0000007307312568 1.0000013737783906
376 3760 1.1989573284496203e-05 0 2.85852411278976e-11 0.9999999219710253 0.9999999462777986 0.9999997705794981 0.9999998982333903 0.9999996541450316 0.9999991039201255 0.9999980602931098 0.9999961610440149
377 3770 1.027439672869531e-05 0 1.5119388474727708e-11 0.9999999614415369 1.0000001127410973 0.999999998200574 1.0000000725711475 1.0000000133872622 0.9999998449611107 0.9999996481172589 0.9999992341798802
378 3780 8.947831419937879e-06 0 8.39824336020001e-12 0.9999999642899138 1.0000001021950684 0.9999999964900019 1.0000000497791859 1.0000000695035718 1.0000001123708242 1.0000002922023672 1.0000005768326432
379 3790 8.64801052521282e-06 0 6.4596761088081705e-12 0.9999999475564039 1.0000000742020665 1.000000110890104 1.0000001087579917 1.0000001798328157 1.0000003579234964 1.0000007083861802 1.0000013171870332
380 3800 8.126395293499097e-06 0 8.671932370089443e-12 1.0000000346782316 1.0000001313768512 1.000000127858463 1.0000001239447986 1.0000002541795756 1.0000004538023892 1.0000009418647922 1.000001707536928
381 3810 7.258902943958332e-06 0 7.509850825929784e-12 1.0000000224902705 1.0000000929464117 1.000000015875965 0.9999999262106304 0.9999999796742125 0.9999998814190209 0.9999997970282637 0.9999995012521021
382 3820 7.15753042567908e-06 0 6.247414231679552e-12 1.0000000967373972 1.0000000806779785 1.0000000613651894 1.0000000147986252 1.0000000867269219 1.000000133897393 1.0000003456108844 1.0000005664330374
383 3830 6.983863784127753e-06 0 5.0236387526111364e-12 1.0000000873492092 1.0000000776139404 1.0000000522914996 1.0000001557915912 1.0000003105496909 1.0000006066028553 1.0000012411843693 1.0000024039948636
384 3840 6.06405238232434e-06 0 3.1764696439993264e-12 1.0000000038768921 1.00000006019964 0.9999999950720068 1.0000000362534687 1.0000001422350078 1.000000244783503 1.0000005089307897 1.0000010483210386
385 3850 5.545081108119469e-06 0 4.184284344497261e-12 1.0000000185301203 1.000000027070607 0.9999999443392589 0.9999999708091714 1.000000079889174 1.0000001608472664 1.0000003300642846 1.0000006122863292
386 3860 5.275405428637717e-06 0 4.382478630583117e-12 1.0000000157876658 0.9999999870910684 0.9999999529793134 1.0000000107006446 1.0000000931294764 1.0000001344612066 1.000000204730062 1.000000542737321
387 3870 5.368588046582451e-06 0 4.186357542854371e-12 0.9999999976906314 0.999999999739935 1.0000000096375337 0.9999999922149914 1.0000001479059322 1.000000237156482 1.000000454623498 1.000000996465458
388 3880 5.226509294024154e-06 0 4.946456762135949e-12 1.0000000408456549 1.0000000514089844 0.9999999992722842 0.9999999694920144 1.0000000713014314 1.0000001304356316 1.000000201540598 1.0000005260695977
389 3890 4.8820744170390305e-06 0 3.5006166574489454e-12 1.0000000156474274 0.9999999938790206 1.0000000093340402 0.9999999532664717 0.9999999425847441 0.9999998766255479 0.9999996177469318 0.9999993218498302
390 3900 4.5289069532374065e-06 0 3.07286295445558e-12 0.9999999889805535 1.0000000251038577 1.000000033664922 1.0000000213326967 1.0000001194545824 1.0000001052893601 1.0000002079786132 1.000000456573632
391 3910 4.172579247917938e-06 0 3.72803257168708e-12 0.9999999654087386 0.9999999641615478 1.000000021684445 1.0000000056364506 1.0000000781606515 1.0000000225235683 0.999999996401407 1.0000000273004077
392 3920 3.654909521507176e-06 0 2.9673594665321566e-12 1.000000028885356 0.99999998725785 0.9999999905633464 0.9999999409252728 0.9999999894368203 0.9999999606123865 0.9999998483082229 0.9999997694879814
393 3930 3.765095076971798e-06 0 2.100218569058036e-12 1.0000000223936187 1.0000000091982537 0.9999999745715582 0.9999999866764182 1.0000000044962492 1.0000000715776107 1.0000001117514645 1.0000003252025416
394 3940 3.86812185940229e-06 0 1.822090052968211e-12 0.9999999965156947 1.0000000228942605 1.0000000479342992 1.0000000681384376 1.0000001105406056 1.0000003016740078 1.0000006048330445 1.0000012777143987
395 3950 3.881497671464598e-06 0 1.1700593536281571e-12 1.0000000112507705 1.000000029974038 0.9999999839349621 0.9999999486739034 0.9999999065816259 0.9999998760373778 0.9999997754191561 0.9999995394182645
396 3960 3.8119552729594038e-06 0 9.48588722206062e-13 1.000000000734531 1.0000000240579396 1.00000000138489 1.0000000093359251 1.000000053484506 1.0000001042543347 1.0000002683539657 1.000000503785923
397 3970 3.815710937524087e-06 0 1.1542468927499054e-12 0.9999999843271336 0.9999999705820464 1.0000000004951375 1.0000000304637764 1.0000000641947282 1.0000000922513428 1.0000001682784667 1.0000002648621473
398 3980 3.5768923691718636e-06 0 1.4517051831706135e-12 0.9999999619018437 0.9999999532119876 0.9999999709080395 0.9999999511527939 0.999999997754299 0.9999999966681895 1.0000000013589565 0.999999989999297
399 3990 3.34504475588756e-06 0 1.2966422861575908e-12 0.9999999805992537 0.9999999864817252 1.000000030399961 1.0000000172154233 1.0000000518427397 1.0000001177884388 1.0000003093050374 1.0000006257237481
400 4000 3.2603451009106515e-06 0 1.9097080413626427e-12 0.9999999954168954 0.9999999619079772 0.9999999708017508 1.000000019273964 1.0000000995592035 1.000000173783204 1.0000004065355743 1.0000008229508937
401 4010 2.8439579324311737e-06 0 7.755180061090016e-13 0.9999999842399251 0.9999999667865647 0.9999999859092276 1.0000000121159873 1.0000000385545862 1.0000000422362996 1.0000000999578482 1.0000001601826052
402 4020 2.667320997788467e-06 0 1.1830104326006127e-12 0.9999999800969397 0.9999999620571312 0.9999999564020359 0.9999999555384678 0.9999999891834912 0.9999999292523465 0.9999998708714304 0.9999997458645881
403 4030 2.337334213579196e-06 0 3.607456314562251e-13 0.9999999883020261 0.9999999694578064 0.9999999779379354 0.9999999693127206 0.9999999533058815 0.9999999191771243 0.9999998694439379 0.9999997540723686
404 4040 2.2069662827447347e-06 0 2.810883755471687e-13 1.0000000104549982 1.0000000047073263 1.0000000082500082 0.9999999963180461 1.0000000134294662 1.0000000454413687 1.0000001083367076 1.0000002469294118
405 4050 2.311460449146567e-06 0 2.2191625151322107e-13 1.0000000071119517 0.9999999950066834 0.9999999999338732 1.0000000058150524 0.9999999986669575 0.9999999710153628 0.9999999281664496 0.99999988086928
406 4060 2.2174781128790103e-06 0 1.7082636680781283e-13 1.00000001251694 0.9999999999223979 1.000000012528248 1.0000000212041777 1.0000000405017344 1.0000000548642962 1.0000001038707924 1.0000002120697074
407 4070 2.0481187023931785e-06 0 4.547107685885865e-13 1.0000000210652968 1.0000000030398206 1.0000000261234099 1.000000047415695 1.0000000582516702 1.0000001145412711 1.000000221463795 1.0000004653893173
408 4080 1.8734553047409372e-06 0 2.7885231225686963e-13 1.0000000074778954 1.0000000043117099 1.0000000290283988 1.0000000295225222 1.0000000280580255 1.0000000407780631 1.0000000771904773 1.000000165702545
409 4090 1.7205800991267538e-06 0 3.5314278971832785e-13 1.0000000004719405 0.9999999925186567 1.0000000224620624 1.000000044594314 1.000000060054834 1.0000001244672319 1.0000002404305988 1.000000462830972
410 4100 1.5614637885051456e-06 0 2.973076629976829e-13 1.000000001257608 0.9999999931879118 1.000000008109875 1.0000000346749227 1.0000000780634637 1.0000001565257566 1.00000029888304 1.0000006219295545
411 4110 1.35960557378108e-06 0 2.6561485023291535e-13 1.0000000145952932 1.0000000044180093 1.0000000207731663 1.0000000297778395 1.0000000528590711 1.0000001234748213 1.0000002686206053 1.0000005410124388
